time,speed,total_voltage,total_current,soc,temp_max,temp_min,motor_voltage,motor_current,mileage,datetime,year,month,day,hour,minute,second,time_interval,soc_rate,mile_rate,used_soc,mile,driving_time,motor_voltage_rate,motor_current_rate,total_voltage_rate,total_current_rate,total_power_transient,motor_power_transient,total_power,motor_power,temp_diff,soc_start,cut_point,brake_ratio,stop_ratio,accelerate_ratio,work_condition,work_condition_color,work_condition_0,work_condition_1,work_condition_2,work_condition_3
63651618846.0,0.0,552.4,0.0,100.0,23.0,22.0,552.0,0.0,45209.0,2018-04-18 13:14:06,2018.0,4.0,18.0,13.0,14.0,6.0,10.0,0.0,0.0,0.0,0.0,0.0,0.0,0.0,-0.1,0.0,0.0,0.0,0.0,0.0,1.0,100.0,-1.0,0.0,1.0,0.0,0,red,1.0,0.0,0.0,0.0
63651618856.0,0.0,552.3,0.0,100.0,23.0,22.0,552.0,0.0,45209.0,2018-04-18 13:14:16,2018.0,4.0,18.0,13.0,14.0,16.0,10.0,0.0,0.0,0.0,0.0,10.0,0.0,0.0,0.0,0.0,0.0,0.0,0.0,0.0,1.0,100.0,0.0,0.0,1.0,0.0,0,red,1.0,0.0,0.0,0.0
63651618866.0,0.0,552.3,0.0,100.0,23.0,22.0,552.0,0.0,45209.0,2018-04-18 13:14:26,2018.0,4.0,18.0,13.0,14.0,26.0,10.0,0.0,0.0,0.0,0.0,20.0,0.0,0.0,-0.1,0.0,0.0,0.0,0.0,0.0,1.0,100.0,0.0,0.0,1.0,0.0,0,red,1.0,0.0,0.0,0.0
63651618876.0,0.0,552.2,0.0,100.0,23.0,22.0,552.0,0.0,45209.0,2018-04-18 13:14:36,2018.0,4.0,18.0,13.0,14.0,36.0,10.0,0.0,0.0,0.0,0.0,30.0,0.0,0.0,0.0,0.0,0.0,0.0,0.0,0.0,1.0,100.0,0.0,0.0,1.0,0.0,0,red,1.0,0.0,0.0,0.0
63651618886.0,0.0,552.2,0.0,100.0,23.0,22.0,552.0,0.0,45209.0,2018-04-18 13:14:46,2018.0,4.0,18.0,13.0,14.0,46.0,10.0,0.0,0.0,0.0,0.0,40.0,0.0,0.0,-0.1,0.0,0.0,0.0,0.0,0.0,1.0,100.0,0.0,0.0,1.0,0.0,0,red,1.0,0.0,0.0,0.0
63651618896.0,0.0,552.1,0.0,100.0,23.0,22.0,552.0,0.0,45209.0,2018-04-18 13:14:56,2018.0,4.0,18.0,13.0,14.0,56.0,10.0,0.0,0.0,0.0,0.0,50.0,0.0,0.0,-0.1,0.0,0.0,0.0,0.0,0.0,1.0,100.0,0.0,0.0,1.0,0.0,0,red,1.0,0.0,0.0,0.0
63651618906.0,0.0,552.0,0.0,100.0,23.0,22.0,552.0,0.0,45209.0,2018-04-18 13:15:06,2018.0,4.0,18.0,13.0,15.0,6.0,10.0,0.0,0.0,0.0,0.0,60.0,0.0,0.0,0.0,0.0,0.0,0.0,0.0,0.0,1.0,100.0,0.0,0.0,1.0,0.0,0,red,1.0,0.0,0.0,0.0
63651618916.0,0.0,552.0,0.0,100.0,23.0,22.0,552.0,0.0,45209.0,2018-04-18 13:15:16,2018.0,4.0,18.0,13.0,15.0,16.0,10.0,0.0,0.0,0.0,0.0,70.0,0.0,0.0,-0.1,0.0,0.0,0.0,0.0,0.0,1.0,100.0,0.0,0.0,1.0,0.0,0,red,1.0,0.0,0.0,0.0
63651618926.0,0.0,551.9,0.0,100.0,23.0,22.0,552.0,0.0,45209.0,2018-04-18 13:15:26,2018.0,4.0,18.0,13.0,15.0,26.0,10.0,0.0,0.0,0.0,0.0,80.0,-1.0,2.0,-0.5,5.0,0.0,0.0,0.0,0.0,1.0,100.0,0.0,0.0,1.0,0.0,0,red,1.0,0.0,0.0,0.0
63651618936.0,1.0,551.4,5.0,100.0,23.0,22.0,551.0,2.0,45209.0,2018-04-18 13:15:36,2018.0,4.0,18.0,13.0,15.0,36.0,10.0,0.0,0.0,0.0,0.0,90.0,0.0,2.0,-0.8,4.0,2757.0,1102.0,2757.0,1102.0,1.0,100.0,0.0,0.0,0.9,0.1,0,red,1.0,0.0,0.0,0.0
63651618946.0,5.0,550.6,9.0,100.0,23.0,22.0,551.0,4.0,45209.0,2018-04-18 13:15:46,2018.0,4.0,18.0,13.0,15.0,46.0,10.0,0.0,0.0,0.0,0.0,100.0,-1.0,-4.0,-0.3,-7.0,4955.400000000001,2204.0,7712.400000000001,3306.0,1.0,100.0,0.0,0.0,0.8181818181818182,0.18181818181818182,0,red,1.0,0.0,0.0,0.0
63651618956.0,6.0,550.3,2.0,100.0,23.0,22.0,550.0,0.0,45209.0,2018-04-18 13:15:56,2018.0,4.0,18.0,13.0,15.0,56.0,10.0,0.0,0.0,0.0,0.0,110.0,-1.0,8.0,-0.8,9.0,1100.6,0.0,8813.0,3306.0,1.0,100.0,0.0,0.0,0.8333333333333334,0.16666666666666666,0,red,1.0,0.0,0.0,0.0
63651618966.0,8.0,549.5,11.0,100.0,23.0,22.0,549.0,8.0,45209.0,2018-04-18 13:16:06,2018.0,4.0,18.0,13.0,16.0,6.0,10.0,0.0,0.0,0.0,0.0,120.0,0.0,-1.0,0.3,-10.0,6044.5,4392.0,14857.5,7698.0,1.0,100.0,0.0,0.0,0.7692307692307693,0.23076923076923078,0,red,1.0,0.0,0.0,0.0
63651618976.0,6.0,549.8,1.0,100.0,23.0,22.0,549.0,7.0,45209.0,2018-04-18 13:16:16,2018.0,4.0,18.0,13.0,16.0,16.0,10.0,0.0,0.0,0.0,0.0,130.0,-4.0,25.0,-4.8,35.0,549.8,3843.0,15407.3,11541.0,1.0,100.0,0.0,0.0,0.7142857142857143,0.2857142857142857,0,red,1.0,0.0,0.0,0.0
63651618986.0,22.0,545.0,36.0,100.0,23.0,22.0,545.0,32.0,45209.0,2018-04-18 13:16:26,2018.0,4.0,18.0,13.0,16.0,26.0,10.0,0.0,0.1,0.0,0.0,140.0,-1.0,-32.0,-1.3,-35.0,19620.0,17440.0,35027.3,28981.0,1.0,100.0,0.0,0.0,0.6666666666666666,0.3333333333333333,1,black,0.9333333333333333,0.06666666666666667,0.0,0.0
63651618996.0,29.0,543.7,1.0,100.0,23.0,22.0,544.0,0.0,45209.1,2018-04-18 13:16:36,2018.0,4.0,18.0,13.0,16.0,36.0,10.0,0.0,0.1,0.0,0.09999999999854481,150.0,0.0,0.0,0.6,0.0,543.7,0.0,35571.0,28981.0,1.0,100.0,0.0,0.0,0.6875,0.3125,1,black,0.875,0.125,0.0,0.0
63651619006.0,6.0,544.3,1.0,100.0,23.0,22.0,544.0,0.0,45209.2,2018-04-18 13:16:46,2018.0,4.0,18.0,13.0,16.0,46.0,10.0,0.0,0.0,0.0,0.19999999999708962,160.0,-4.0,22.0,-4.2,45.0,544.3,0.0,36115.3,28981.0,1.0,100.0,0.0,0.0,0.7058823529411765,0.29411764705882354,0,red,0.8823529411764706,0.11764705882352941,0.0,0.0
63651619016.0,24.0,540.1,46.0,100.0,23.0,22.0,540.0,22.0,45209.2,2018-04-18 13:16:56,2018.0,4.0,18.0,13.0,16.0,56.0,10.0,0.0,0.1,0.0,0.19999999999708962,170.0,2.0,-22.0,1.4,-36.0,24844.600000000002,11880.0,60959.90000000001,40861.0,1.0,100.0,0.0,0.0,0.6666666666666666,0.3333333333333333,1,black,0.8333333333333334,0.16666666666666666,0.0,0.0
63651619026.0,14.0,541.5,10.0,100.0,23.0,22.0,542.0,0.0,45209.3,2018-04-18 13:17:06,2018.0,4.0,18.0,13.0,17.0,6.0,10.0,0.0,0.0,0.0,0.3000000000029104,180.0,0.0,0.0,0.0,-10.0,5415.0,0.0,66374.90000000001,40861.0,1.0,100.0,0.0,0.0,0.6842105263157895,0.3157894736842105,0,red,0.8421052631578947,0.15789473684210525,0.0,0.0
63651619036.0,0.0,541.5,0.0,100.0,23.0,22.0,542.0,0.0,45209.3,2018-04-18 13:17:16,2018.0,4.0,18.0,13.0,17.0,16.0,10.0,0.0,0.0,0.0,0.3000000000029104,190.0,-1.0,0.0,0.2,2.0,0.0,0.0,66374.90000000001,40861.0,1.0,100.0,0.0,0.0,0.7,0.3,0,red,0.85,0.15,0.0,0.0
63651619046.0,0.0,541.7,2.0,100.0,23.0,22.0,541.0,0.0,45209.3,2018-04-18 13:17:26,2018.0,4.0,18.0,13.0,17.0,26.0,10.0,-1.0,0.0,1.0,0.3000000000029104,200.0,-5.0,68.0,-5.0,61.0,1083.4,0.0,67458.3,40861.0,1.0,100.0,0.0,0.0,0.7142857142857143,0.2857142857142857,0,red,0.8571428571428571,0.14285714285714285,0.0,0.0
63651619056.0,27.0,536.7,63.0,99.0,23.0,22.0,536.0,68.0,45209.3,2018-04-18 13:17:36,2018.0,4.0,18.0,13.0,17.0,36.0,10.0,0.0,0.1,1.0,0.3000000000029104,210.0,0.0,-34.0,-0.3,-29.0,33812.100000000006,36448.0,101270.40000000001,77309.0,1.0,100.0,0.0,0.0,0.6818181818181818,0.3181818181818182,2,green,0.8181818181818182,0.13636363636363635,0.045454545454545456,0.0
63651619066.0,37.0,536.4,34.0,99.0,23.0,22.0,536.0,34.0,45209.4,2018-04-18 13:17:46,2018.0,4.0,18.0,13.0,17.0,46.0,10.0,0.0,0.1,1.0,0.4000000000014552,220.0,0.0,-5.0,-0.2,-5.0,18237.6,18224.0,119508.0,95533.0,1.0,100.0,0.0,0.0,0.6521739130434783,0.34782608695652173,1,black,0.782608695652174,0.17391304347826086,0.043478260869565216,0.0
63651619076.0,38.0,536.2,29.0,99.0,23.0,22.0,536.0,29.0,45209.5,2018-04-18 13:17:56,2018.0,4.0,18.0,13.0,17.0,56.0,10.0,0.0,0.1,1.0,0.5,230.0,0.0,-19.0,-1.4,-16.0,15549.800000000001,15544.0,135057.8,111077.0,1.0,100.0,0.0,0.0,0.625,0.375,1,black,0.75,0.20833333333333334,0.041666666666666664,0.0
63651619086.0,42.0,534.8,13.0,99.0,23.0,22.0,536.0,10.0,45209.6,2018-04-18 13:18:06,2018.0,4.0,18.0,13.0,18.0,6.0,10.0,0.0,0.1,1.0,0.5999999999985448,240.0,1.0,-10.0,2.2,-13.0,6952.4,5360.0,142010.19999999998,116437.0,1.0,100.0,0.0,0.0,0.6,0.4,1,black,0.72,0.24,0.04,0.0
63651619096.0,14.0,537.0,0.0,99.0,23.0,22.0,537.0,0.0,45209.7,2018-04-18 13:18:16,2018.0,4.0,18.0,13.0,18.0,16.0,10.0,0.0,0.0,1.0,0.6999999999970896,250.0,0.0,0.0,0.4,1.0,0.0,0.0,142010.19999999998,116437.0,1.0,100.0,0.0,0.0,0.6153846153846154,0.38461538461538464,0,red,0.7307692307692307,0.23076923076923078,0.038461538461538464,0.0
63651619106.0,0.0,537.4,1.0,99.0,23.0,22.0,537.0,0.0,45209.7,2018-04-18 13:18:26,2018.0,4.0,18.0,13.0,18.0,26.0,10.0,0.0,0.0,1.0,0.6999999999970896,260.0,1.0,0.0,0.2,0.0,537.4,0.0,142547.59999999998,116437.0,1.0,100.0,0.0,0.0,0.6296296296296297,0.37037037037037035,0,red,0.7407407407407407,0.2222222222222222,0.037037037037037035,0.0
63651619116.0,0.0,537.6,1.0,99.0,23.0,22.0,538.0,0.0,45209.7,2018-04-18 13:18:36,2018.0,4.0,18.0,13.0,18.0,36.0,10.0,0.0,0.0,1.0,0.6999999999970896,270.0,0.0,0.0,0.2,0.0,537.6,0.0,143085.19999999998,116437.0,1.0,100.0,0.0,0.0,0.6428571428571429,0.35714285714285715,0,red,0.75,0.21428571428571427,0.03571428571428571,0.0
63651619126.0,0.0,537.8,1.0,99.0,23.0,22.0,538.0,0.0,45209.7,2018-04-18 13:18:46,2018.0,4.0,18.0,13.0,18.0,46.0,10.0,0.0,0.0,1.0,0.6999999999970896,280.0,0.0,0.0,0.2,0.0,537.8,0.0,143622.99999999997,116437.0,1.0,100.0,0.0,0.0,0.6551724137931034,0.3448275862068966,0,red,0.7586206896551724,0.20689655172413793,0.034482758620689655,0.0
63651619136.0,0.0,538.0,1.0,99.0,23.0,22.0,538.0,0.0,45209.7,2018-04-18 13:18:56,2018.0,4.0,18.0,13.0,18.0,56.0,10.0,0.0,0.0,1.0,0.6999999999970896,290.0,0.0,0.0,0.1,0.0,538.0,0.0,144160.99999999997,116437.0,1.0,100.0,0.0,0.0,0.6666666666666666,0.3333333333333333,0,red,0.7666666666666667,0.2,0.03333333333333333,0.0
63651619146.0,0.0,538.1,1.0,99.0,23.0,22.0,538.0,0.0,45209.7,2018-04-18 13:19:06,2018.0,4.0,18.0,13.0,19.0,6.0,10.0,0.0,0.1,1.0,0.6999999999970896,300.0,-7.0,109.0,-6.3,100.0,538.1,0.0,144699.09999999998,116437.0,1.0,100.0,0.0,0.0,0.6774193548387096,0.3225806451612903,0,red,0.7741935483870968,0.1935483870967742,0.03225806451612903,0.0
63651619156.0,35.0,531.8,101.0,99.0,23.0,22.0,531.0,109.0,45209.8,2018-04-18 13:19:16,2018.0,4.0,18.0,13.0,19.0,16.0,10.0,0.0,0.1,1.0,0.8000000000029104,310.0,3.0,-73.0,2.3,-73.0,53711.799999999996,57879.0,198410.89999999997,174316.0,1.0,100.0,0.0,0.0,0.65625,0.34375,2,green,0.75,0.1875,0.0625,0.0
63651619166.0,46.0,534.1,28.0,99.0,23.0,22.0,534.0,36.0,45209.9,2018-04-18 13:19:26,2018.0,4.0,18.0,13.0,19.0,26.0,10.0,0.0,0.1,1.0,0.9000000000014552,320.0,1.0,-9.0,0.8,-10.0,14954.800000000001,19224.0,213365.69999999995,193540.0,1.0,100.0,0.0,0.0,0.6363636363636364,0.36363636363636365,1,black,0.7272727272727273,0.21212121212121213,0.06060606060606061,0.0
63651619176.0,45.0,534.9,18.0,99.0,23.0,22.0,535.0,27.0,45210.0,2018-04-18 13:19:36,2018.0,4.0,18.0,13.0,19.0,36.0,10.0,0.0,0.1,1.0,1.0,330.0,0.0,-1.0,-1.0,19.0,9628.199999999999,14445.0,222993.89999999997,207985.0,1.0,100.0,0.0,0.0,0.6176470588235294,0.38235294117647056,1,black,0.7058823529411765,0.23529411764705882,0.058823529411764705,0.0
63651619186.0,45.0,533.9,37.0,99.0,23.0,22.0,535.0,26.0,45210.1,2018-04-18 13:19:46,2018.0,4.0,18.0,13.0,19.0,46.0,10.0,0.0,0.2,1.0,1.0999999999985448,340.0,-5.0,102.0,-3.2,71.0,19754.3,13910.0,242748.19999999995,221895.0,1.0,100.0,0.0,0.0,0.6,0.4,1,black,0.6857142857142857,0.2571428571428571,0.05714285714285714,0.0
63651619196.0,45.0,530.7,108.0,99.0,23.0,22.0,530.0,128.0,45210.3,2018-04-18 13:19:56,2018.0,4.0,18.0,13.0,19.0,56.0,10.0,0.0,0.1,1.0,1.3000000000029104,350.0,4.0,-86.0,2.9,-70.0,57315.600000000006,67840.0,300063.79999999993,289735.0,1.0,100.0,0.0,0.0,0.5833333333333334,0.4166666666666667,2,green,0.6666666666666666,0.25,0.08333333333333333,0.0
63651619206.0,45.0,533.6,38.0,99.0,23.0,22.0,534.0,42.0,45210.4,2018-04-18 13:20:06,2018.0,4.0,18.0,13.0,20.0,6.0,10.0,0.0,0.1,1.0,1.4000000000014552,360.0,0.0,0.0,0.2,-1.0,20276.8,22428.0,320340.5999999999,312163.0,1.0,100.0,0.0,0.0,0.5675675675675675,0.43243243243243246,1,black,0.6486486486486487,0.2702702702702703,0.08108108108108109,0.0
63651619216.0,42.0,533.8,37.0,99.0,23.0,22.0,534.0,42.0,45210.5,2018-04-18 13:20:16,2018.0,4.0,18.0,13.0,20.0,16.0,10.0,0.0,0.1,1.0,1.5,370.0,-1.0,7.0,-0.5,8.0,19750.6,22428.0,340091.1999999999,334591.0,1.0,100.0,0.0,0.0,0.5526315789473685,0.4473684210526316,1,black,0.631578947368421,0.2894736842105263,0.07894736842105263,0.0
63651619226.0,44.0,533.3,45.0,99.0,23.0,22.0,533.0,49.0,45210.6,2018-04-18 13:20:26,2018.0,4.0,18.0,13.0,20.0,26.0,10.0,0.0,0.2,1.0,1.5999999999985448,380.0,3.0,-49.0,2.0,-45.0,23998.499999999996,26117.0,364089.6999999999,360708.0,1.0,100.0,0.0,0.0,0.5384615384615384,0.46153846153846156,1,black,0.6153846153846154,0.3076923076923077,0.07692307692307693,0.0
63651619236.0,42.0,535.3,0.0,99.0,23.0,22.0,536.0,0.0,45210.8,2018-04-18 13:20:36,2018.0,4.0,18.0,13.0,20.0,36.0,10.0,0.0,0.1,1.0,1.8000000000029104,390.0,-3.0,52.0,-1.9,51.0,0.0,0.0,364089.6999999999,360708.0,1.0,100.0,0.0,0.0,0.55,0.45,1,black,0.6,0.325,0.075,0.0
63651619246.0,38.0,533.4,51.0,99.0,23.0,22.0,533.0,52.0,45210.9,2018-04-18 13:20:46,2018.0,4.0,18.0,13.0,20.0,46.0,10.0,-1.0,0.1,2.0,1.9000000000014552,400.0,2.0,-52.0,1.9,-50.0,27203.399999999998,27716.0,391293.0999999999,388424.0,1.0,100.0,0.0,0.0,0.5365853658536586,0.4634146341463415,2,green,0.5853658536585366,0.3170731707317073,0.0975609756097561,0.0
63651619256.0,42.0,535.3,1.0,98.0,23.0,22.0,535.0,0.0,45211.0,2018-04-18 13:20:56,2018.0,4.0,18.0,13.0,20.0,56.0,10.0,0.0,0.1,2.0,2.0,410.0,1.0,0.0,0.7,-1.0,535.3,0.0,391828.3999999999,388424.0,1.0,100.0,0.0,0.0,0.5476190476190477,0.4523809523809524,1,black,0.5714285714285714,0.3333333333333333,0.09523809523809523,0.0
63651619266.0,31.0,536.0,0.0,98.0,23.0,22.0,536.0,0.0,45211.1,2018-04-18 13:21:06,2018.0,4.0,18.0,13.0,21.0,6.0,10.0,0.0,0.0,2.0,2.099999999998545,420.0,-2.0,36.0,-1.6,46.0,0.0,0.0,391828.3999999999,388424.0,1.0,100.0,0.0,0.0,0.5581395348837209,0.4418604651162791,1,black,0.5581395348837209,0.3488372093023256,0.09302325581395349,0.0
63651619276.0,23.0,534.4,46.0,98.0,23.0,22.0,534.0,36.0,45211.1,2018-04-18 13:21:16,2018.0,4.0,18.0,13.0,21.0,16.0,10.0,0.0,0.1,2.0,2.099999999998545,430.0,1.0,-20.0,0.9,-28.0,24582.399999999998,19224.0,416410.79999999993,407648.0,1.0,100.0,0.0,0.0,0.5454545454545454,0.45454545454545453,1,black,0.5454545454545454,0.36363636363636365,0.09090909090909091,0.0
63651619286.0,27.0,535.3,18.0,98.0,23.0,22.0,535.0,16.0,45211.2,2018-04-18 13:21:26,2018.0,4.0,18.0,13.0,21.0,26.0,10.0,0.0,0.1,2.0,2.1999999999970896,440.0,2.0,-16.0,1.1,-18.0,9635.4,8560.0,426046.19999999995,416208.0,1.0,100.0,0.0,0.0,0.5333333333333333,0.4666666666666667,1,black,0.5333333333333333,0.37777777777777777,0.08888888888888889,0.0
63651619296.0,22.0,536.4,0.0,98.0,23.0,22.0,537.0,0.0,45211.3,2018-04-18 13:21:36,2018.0,4.0,18.0,13.0,21.0,36.0,10.0,0.0,0.0,2.0,2.3000000000029104,450.0,0.0,0.0,0.1,1.0,0.0,0.0,426046.19999999995,416208.0,1.0,100.0,0.0,0.0,0.5434782608695652,0.45652173913043476,0,red,0.5434782608695652,0.3695652173913043,0.08695652173913043,0.0
63651619306.0,12.0,536.5,1.0,98.0,23.0,22.0,537.0,0.0,45211.3,2018-04-18 13:21:46,2018.0,4.0,18.0,13.0,21.0,46.0,10.0,0.0,0.0,2.0,2.3000000000029104,460.0,0.0,0.0,0.0,-1.0,536.5,0.0,426582.69999999995,416208.0,1.0,100.0,0.0,0.0,0.5531914893617021,0.44680851063829785,0,red,0.5531914893617021,0.3617021276595745,0.0851063829787234,0.0
63651619316.0,0.0,536.5,0.0,98.0,23.0,22.0,537.0,0.0,45211.3,2018-04-18 13:21:56,2018.0,4.0,18.0,13.0,21.0,56.0,10.0,0.0,0.0,2.0,2.3000000000029104,470.0,0.0,0.0,0.0,0.0,0.0,0.0,426582.69999999995,416208.0,1.0,100.0,0.0,0.0,0.5625,0.4375,0,red,0.5625,0.3541666666666667,0.08333333333333333,0.0
63651619326.0,0.0,536.5,0.0,98.0,23.0,22.0,537.0,0.0,45211.3,2018-04-18 13:22:06,2018.0,4.0,18.0,13.0,22.0,6.0,10.0,0.0,0.0,2.0,2.3000000000029104,480.0,0.0,0.0,0.1,0.0,0.0,0.0,426582.69999999995,416208.0,1.0,100.0,0.0,0.0,0.5714285714285714,0.42857142857142855,0,red,0.5714285714285714,0.3469387755102041,0.08163265306122448,0.0
63651619336.0,0.0,536.6,0.0,98.0,23.0,22.0,537.0,0.0,45211.3,2018-04-18 13:22:16,2018.0,4.0,18.0,13.0,22.0,16.0,10.0,0.0,0.0,2.0,2.3000000000029104,490.0,0.0,0.0,0.4,1.0,0.0,0.0,426582.69999999995,416208.0,1.0,100.0,0.0,0.0,0.58,0.42,0,red,0.58,0.34,0.08,0.0
63651619346.0,0.0,537.0,1.0,98.0,23.0,22.0,537.0,0.0,45211.3,2018-04-18 13:22:26,2018.0,4.0,18.0,13.0,22.0,26.0,10.0,0.0,0.0,2.0,2.3000000000029104,500.0,0.0,0.0,0.2,0.0,537.0,0.0,427119.69999999995,416208.0,1.0,100.0,0.0,0.0,0.5882352941176471,0.4117647058823529,0,red,0.5882352941176471,0.3333333333333333,0.0784313725490196,0.0
63651619356.0,0.0,537.2,1.0,98.0,23.0,22.0,537.0,0.0,45211.3,2018-04-18 13:22:36,2018.0,4.0,18.0,13.0,22.0,36.0,10.0,0.0,0.0,2.0,2.3000000000029104,510.0,-1.0,21.0,-1.1,24.0,537.2,0.0,427656.89999999997,416208.0,1.0,100.0,0.0,0.0,0.5961538461538461,0.40384615384615385,0,red,0.5961538461538461,0.3269230769230769,0.07692307692307693,0.0
63651619366.0,8.0,536.1,25.0,98.0,23.0,22.0,536.0,21.0,45211.3,2018-04-18 13:22:46,2018.0,4.0,18.0,13.0,22.0,46.0,10.0,0.0,0.1,2.0,2.3000000000029104,520.0,-1.0,22.0,-1.2,16.0,13402.5,11256.0,441059.39999999997,427464.0,1.0,100.0,0.0,0.0,0.5849056603773585,0.41509433962264153,0,red,0.6037735849056604,0.32075471698113206,0.07547169811320754,0.0
63651619376.0,19.0,534.9,41.0,98.0,23.0,22.0,535.0,43.0,45211.4,2018-04-18 13:22:56,2018.0,4.0,18.0,13.0,22.0,56.0,10.0,0.0,0.0,2.0,2.400000000001455,530.0,2.0,-43.0,1.9,-40.0,21930.899999999998,23005.0,462990.3,450469.0,1.0,100.0,0.0,0.0,0.5740740740740741,0.42592592592592593,1,black,0.5925925925925926,0.3333333333333333,0.07407407407407407,0.0
63651619386.0,8.0,536.8,1.0,98.0,23.0,22.0,537.0,0.0,45211.4,2018-04-18 13:23:06,2018.0,4.0,18.0,13.0,23.0,6.0,10.0,0.0,0.0,2.0,2.400000000001455,540.0,0.0,0.0,0.2,1.0,536.8,0.0,463527.1,450469.0,1.0,100.0,0.0,0.0,0.5818181818181818,0.41818181818181815,0,red,0.6,0.32727272727272727,0.07272727272727272,0.0
63651619396.0,1.0,537.0,2.0,98.0,23.0,22.0,537.0,0.0,45211.4,2018-04-18 13:23:16,2018.0,4.0,18.0,13.0,23.0,16.0,10.0,0.0,0.0,2.0,2.400000000001455,550.0,0.0,0.0,0.1,-1.0,1074.0,0.0,464601.1,450469.0,1.0,100.0,0.0,0.0,0.5892857142857143,0.4107142857142857,0,red,0.6071428571428571,0.32142857142857145,0.07142857142857142,0.0
63651619406.0,4.0,537.1,1.0,98.0,23.0,22.0,537.0,0.0,45211.4,2018-04-18 13:23:26,2018.0,4.0,18.0,13.0,23.0,26.0,10.0,0.0,0.0,2.0,2.400000000001455,560.0,0.0,0.0,-0.1,0.0,537.1,0.0,465138.19999999995,450469.0,1.0,100.0,0.0,0.0,0.5964912280701754,0.40350877192982454,0,red,0.6140350877192983,0.3157894736842105,0.07017543859649122,0.0
63651619416.0,9.0,537.0,1.0,98.0,23.0,22.0,537.0,0.0,45211.4,2018-04-18 13:23:36,2018.0,4.0,18.0,13.0,23.0,36.0,10.0,0.0,0.0,2.0,2.400000000001455,570.0,0.0,0.0,0.3,0.0,537.0,0.0,465675.19999999995,450469.0,1.0,100.0,0.0,0.0,0.603448275862069,0.39655172413793105,0,red,0.6206896551724138,0.3103448275862069,0.06896551724137931,0.0
63651619426.0,0.0,537.3,1.0,98.0,23.0,22.0,537.0,0.0,45211.4,2018-04-18 13:23:46,2018.0,4.0,18.0,13.0,23.0,46.0,10.0,0.0,0.1,2.0,2.400000000001455,580.0,0.0,0.0,0.0,0.0,537.3,0.0,466212.49999999994,450469.0,1.0,100.0,0.0,0.0,0.6101694915254238,0.3898305084745763,0,red,0.6271186440677966,0.3050847457627119,0.06779661016949153,0.0
63651619436.0,3.0,537.3,1.0,98.0,23.0,22.0,537.0,0.0,45211.5,2018-04-18 13:23:56,2018.0,4.0,18.0,13.0,23.0,56.0,10.0,0.0,0.0,2.0,2.5,590.0,-7.0,146.0,-7.2,141.0,537.3,0.0,466749.79999999993,450469.0,1.0,100.0,0.0,0.0,0.6166666666666667,0.38333333333333336,3,orange,0.6166666666666667,0.3,0.06666666666666667,0.016666666666666666
63651619446.0,29.0,530.1,142.0,98.0,23.0,22.0,530.0,146.0,45211.5,2018-04-18 13:24:06,2018.0,4.0,18.0,13.0,24.0,6.0,10.0,0.0,0.1,2.0,2.5,600.0,2.0,-70.0,1.9,-72.0,75274.2,77380.0,542023.9999999999,527849.0,1.0,100.0,0.0,0.0,0.6065573770491803,0.39344262295081966,2,green,0.6065573770491803,0.29508196721311475,0.08196721311475409,0.01639344262295082
63651619456.0,46.0,532.0,70.0,98.0,24.0,22.0,532.0,76.0,45211.6,2018-04-18 13:24:16,2018.0,4.0,18.0,13.0,24.0,16.0,10.0,0.0,0.1,2.0,2.599999999998545,610.0,4.0,-76.0,3.8,-70.0,37240.0,40432.0,579263.9999999999,568281.0,2.0,100.0,0.0,0.0,0.5967741935483871,0.4032258064516129,2,green,0.5967741935483871,0.2903225806451613,0.0967741935483871,0.016129032258064516
63651619466.0,37.0,535.8,0.0,98.0,24.0,22.0,536.0,0.0,45211.7,2018-04-18 13:24:26,2018.0,4.0,18.0,13.0,24.0,26.0,10.0,0.0,0.1,2.0,2.6999999999970896,620.0,-7.0,148.0,-6.5,124.0,0.0,0.0,579263.9999999999,568281.0,2.0,100.0,0.0,0.0,0.6031746031746031,0.3968253968253968,3,orange,0.5873015873015873,0.2857142857142857,0.09523809523809523,0.031746031746031744
63651619476.0,45.0,529.3,124.0,98.0,24.0,22.0,529.0,148.0,45211.8,2018-04-18 13:24:36,2018.0,4.0,18.0,13.0,24.0,36.0,10.0,0.0,0.2,2.0,2.8000000000029104,630.0,3.0,-83.0,2.8,-77.0,65633.2,78292.0,644897.1999999998,646573.0,2.0,100.0,0.0,0.0,0.59375,0.40625,2,green,0.578125,0.28125,0.109375,0.03125
63651619486.0,51.0,532.1,47.0,98.0,24.0,22.0,532.0,65.0,45212.0,2018-04-18 13:24:46,2018.0,4.0,18.0,13.0,24.0,46.0,10.0,0.0,0.1,2.0,3.0,640.0,2.0,-22.0,1.4,-19.0,25008.7,34580.0,669905.8999999998,681153.0,2.0,100.0,0.0,0.0,0.5846153846153846,0.4153846153846154,1,black,0.5692307692307692,0.2923076923076923,0.1076923076923077,0.03076923076923077
63651619496.0,50.0,533.5,28.0,98.0,24.0,22.0,534.0,43.0,45212.1,2018-04-18 13:24:56,2018.0,4.0,18.0,13.0,24.0,56.0,10.0,0.0,0.1,2.0,3.099999999998545,650.0,-1.0,18.0,-0.5,20.0,14938.0,22962.0,684843.8999999998,704115.0,2.0,100.0,0.0,0.0,0.5757575757575758,0.42424242424242425,1,black,0.5606060606060606,0.30303030303030304,0.10606060606060606,0.030303030303030304
63651619506.0,49.0,533.0,48.0,98.0,24.0,22.0,533.0,61.0,45212.2,2018-04-18 13:25:06,2018.0,4.0,18.0,13.0,25.0,6.0,10.0,0.0,0.2,2.0,3.1999999999970896,660.0,1.0,-18.0,1.1,-21.0,25584.0,32513.0,710427.8999999998,736628.0,2.0,100.0,0.0,0.0,0.5671641791044776,0.43283582089552236,1,black,0.5522388059701493,0.31343283582089554,0.1044776119402985,0.029850746268656716
63651619516.0,49.0,534.1,27.0,98.0,24.0,22.0,534.0,43.0,45212.4,2018-04-18 13:25:16,2018.0,4.0,18.0,13.0,25.0,16.0,10.0,-1.0,0.1,3.0,3.400000000001455,670.0,2.0,-40.0,0.1,-13.0,14420.7,22962.0,724848.5999999997,759590.0,2.0,100.0,0.0,0.0,0.5588235294117647,0.4411764705882353,1,black,0.5441176470588235,0.3235294117647059,0.10294117647058823,0.029411764705882353
63651619526.0,49.0,534.2,14.0,97.0,24.0,22.0,536.0,3.0,45212.5,2018-04-18 13:25:26,2018.0,4.0,18.0,13.0,25.0,26.0,10.0,0.0,0.1,3.0,3.5,680.0,4.0,-69.0,5.7,-82.0,7478.800000000001,1608.0,732327.3999999998,761198.0,2.0,100.0,0.0,0.0,0.5507246376811594,0.4492753623188406,1,black,0.5362318840579711,0.3333333333333333,0.10144927536231885,0.028985507246376812
63651619536.0,18.0,539.9,-68.0,97.0,24.0,22.0,540.0,-66.0,45212.6,2018-04-18 13:25:36,2018.0,4.0,18.0,13.0,25.0,36.0,10.0,0.0,0.0,3.0,3.599999999998545,690.0,-5.0,122.0,-5.2,121.0,-36713.2,-35640.0,713970.7999999998,743378.0,2.0,100.0,0.0,0.014285714285714285,0.5428571428571428,0.44285714285714284,3,orange,0.5285714285714286,0.32857142857142857,0.1,0.04285714285714286
63651619546.0,9.0,534.7,53.0,97.0,24.0,22.0,535.0,56.0,45212.6,2018-04-18 13:25:46,2018.0,4.0,18.0,13.0,25.0,46.0,10.0,0.0,0.1,3.0,3.599999999998545,700.0,-6.0,81.0,-4.8,64.0,28339.100000000002,29960.0,742309.8999999998,773338.0,2.0,100.0,0.0,0.014084507042253521,0.5352112676056338,0.4507042253521127,0,red,0.5352112676056338,0.323943661971831,0.09859154929577464,0.04225352112676056
63651619556.0,41.0,529.9,117.0,97.0,24.0,22.0,529.0,137.0,45212.7,2018-04-18 13:25:56,2018.0,4.0,18.0,13.0,25.0,56.0,10.0,0.0,0.1,3.0,3.6999999999970896,710.0,4.0,-90.0,4.3,-92.0,61998.299999999996,72473.0,804308.1999999998,845811.0,2.0,100.0,0.0,0.013888888888888888,0.5277777777777778,0.4583333333333333,2,green,0.5277777777777778,0.3194444444444444,0.1111111111111111,0.041666666666666664
63651619566.0,47.0,534.2,25.0,97.0,24.0,23.0,533.0,47.0,45212.8,2018-04-18 13:26:06,2018.0,4.0,18.0,13.0,26.0,6.0,10.0,0.0,0.2,3.0,3.8000000000029104,720.0,-1.0,27.0,-1.8,32.0,13355.000000000002,25051.0,817663.1999999998,870862.0,1.0,100.0,0.0,0.0136986301369863,0.5205479452054794,0.4657534246575342,1,black,0.5205479452054794,0.3287671232876712,0.1095890410958904,0.0410958904109589
63651619576.0,50.0,532.4,57.0,97.0,24.0,22.0,532.0,74.0,45213.0,2018-04-18 13:26:16,2018.0,4.0,18.0,13.0,26.0,16.0,10.0,0.0,0.1,3.0,4.0,730.0,2.0,-28.0,2.2,-27.0,30346.8,39368.0,848009.9999999999,910230.0,2.0,100.0,0.0,0.013513513513513514,0.5135135135135135,0.47297297297297297,2,green,0.5135135135135135,0.32432432432432434,0.12162162162162163,0.04054054054054054
63651619586.0,46.0,534.6,30.0,97.0,24.0,22.0,534.0,46.0,45213.1,2018-04-18 13:26:26,2018.0,4.0,18.0,13.0,26.0,26.0,10.0,0.0,0.1,3.0,4.099999999998545,740.0,-2.0,38.0,-2.1,44.0,16038.0,24564.0,864047.9999999999,934794.0,2.0,100.0,0.0,0.013333333333333334,0.5066666666666667,0.48,1,black,0.5066666666666667,0.3333333333333333,0.12,0.04
63651619596.0,46.0,532.5,74.0,97.0,24.0,22.0,532.0,84.0,45213.2,2018-04-18 13:26:36,2018.0,4.0,18.0,13.0,26.0,36.0,10.0,-1.0,0.2,4.0,4.19999999999709,750.0,4.0,-81.0,2.3,-86.0,39405.0,44688.0,903452.9999999999,979482.0,2.0,100.0,0.0,0.013157894736842105,0.5,0.4868421052631579,2,green,0.5,0.32894736842105265,0.13157894736842105,0.039473684210526314
63651619606.0,51.0,534.8,-12.0,96.0,24.0,22.0,536.0,3.0,45213.4,2018-04-18 13:26:46,2018.0,4.0,18.0,13.0,26.0,46.0,10.0,0.0,0.1,4.0,4.400000000001455,760.0,-1.0,52.0,2.5,10.0,-6417.599999999999,1608.0,900244.1999999998,981090.0,2.0,100.0,0.0,0.012987012987012988,0.4935064935064935,0.4935064935064935,1,black,0.4935064935064935,0.33766233766233766,0.12987012987012986,0.03896103896103896
63651619616.0,27.0,537.3,-2.0,96.0,24.0,23.0,535.0,55.0,45213.5,2018-04-18 13:26:56,2018.0,4.0,18.0,13.0,26.0,56.0,10.0,0.0,0.1,4.0,4.5,770.0,-3.0,14.0,-4.7,59.0,-1074.6,29425.0,899706.8999999998,1010515.0,1.0,100.0,0.0,0.01282051282051282,0.48717948717948717,0.5,1,black,0.48717948717948717,0.34615384615384615,0.1282051282051282,0.038461538461538464
63651619626.0,47.0,532.6,57.0,96.0,24.0,23.0,532.0,69.0,45213.6,2018-04-18 13:27:06,2018.0,4.0,18.0,13.0,27.0,6.0,10.0,0.0,0.1,4.0,4.599999999998545,780.0,10.0,-175.0,8.0,-159.0,30358.2,36708.0,930065.0999999997,1047223.0,1.0,100.0,0.0,0.012658227848101266,0.4810126582278481,0.5063291139240507,2,green,0.4810126582278481,0.34177215189873417,0.13924050632911392,0.0379746835443038
63651619636.0,36.0,540.6,-102.0,96.0,24.0,23.0,542.0,-106.0,45213.7,2018-04-18 13:27:16,2018.0,4.0,18.0,13.0,27.0,16.0,10.0,0.0,0.1,4.0,4.69999999999709,790.0,-13.0,250.0,-10.5,234.0,-55141.200000000004,-57452.0,902494.4999999998,1018497.0,1.0,100.0,0.0,0.025,0.475,0.5,3,orange,0.475,0.3375,0.1375,0.05
63651619646.0,36.0,530.1,132.0,96.0,24.0,23.0,529.0,144.0,45213.8,2018-04-18 13:27:26,2018.0,4.0,18.0,13.0,27.0,26.0,10.0,0.0,0.1,4.0,4.80000000000291,800.0,5.0,-100.0,3.3,-100.0,69973.2,76176.0,972467.6999999997,1094673.0,1.0,100.0,0.0,0.024691358024691357,0.4691358024691358,0.5061728395061729,2,green,0.4691358024691358,0.3333333333333333,0.14814814814814814,0.04938271604938271
63651619656.0,49.0,533.4,32.0,96.0,24.0,23.0,534.0,44.0,45213.9,2018-04-18 13:27:36,2018.0,4.0,18.0,13.0,27.0,36.0,10.0,0.0,0.1,4.0,4.900000000001455,810.0,8.0,-156.0,6.6,-145.0,17068.8,23496.0,989536.4999999998,1118169.0,1.0,100.0,0.0,0.024390243902439025,0.4634146341463415,0.5121951219512195,2,green,0.4634146341463415,0.32926829268292684,0.15853658536585366,0.04878048780487805
63651619666.0,44.0,540.0,-113.0,96.0,24.0,23.0,542.0,-112.0,45214.0,2018-04-18 13:27:46,2018.0,4.0,18.0,13.0,27.0,46.0,10.0,0.0,0.2,4.0,5.0,820.0,-8.0,161.0,-6.5,157.0,-61020.0,-60704.0,959026.4999999998,1087817.0,1.0,100.0,0.0,0.03614457831325301,0.4578313253012048,0.5060240963855421,3,orange,0.4578313253012048,0.3253012048192771,0.1566265060240964,0.060240963855421686
63651619676.0,46.0,533.5,44.0,96.0,24.0,23.0,534.0,49.0,45214.2,2018-04-18 13:27:56,2018.0,4.0,18.0,13.0,27.0,56.0,10.0,0.0,0.1,4.0,5.19999999999709,830.0,3.0,-58.0,3.3,-58.0,23474.0,26166.0,982500.4999999998,1113983.0,1.0,100.0,0.0,0.03571428571428571,0.4523809523809524,0.5119047619047619,1,black,0.4523809523809524,0.3333333333333333,0.15476190476190477,0.05952380952380952
63651619686.0,41.0,536.8,-14.0,96.0,24.0,23.0,537.0,-9.0,45214.3,2018-04-18 13:28:06,2018.0,4.0,18.0,13.0,28.0,6.0,10.0,0.0,0.1,4.0,5.30000000000291,840.0,-10.0,235.0,-5.9,175.0,-7515.199999999999,-4833.0,978742.8999999998,1111566.5,1.0,100.0,0.0,0.047058823529411764,0.4470588235294118,0.5058823529411764,3,orange,0.4470588235294118,0.32941176470588235,0.15294117647058825,0.07058823529411765
63651619696.0,29.0,530.9,161.0,96.0,24.0,23.0,527.0,226.0,45214.4,2018-04-18 13:28:16,2018.0,4.0,18.0,13.0,28.0,16.0,10.0,0.0,0.1,4.0,5.400000000001455,850.0,7.0,-186.0,3.0,-133.0,85474.9,119102.0,1064217.7999999998,1230668.5,1.0,100.0,0.0,0.046511627906976744,0.4418604651162791,0.5116279069767442,2,green,0.4418604651162791,0.32558139534883723,0.16279069767441862,0.06976744186046512
63651619706.0,47.0,533.9,28.0,96.0,24.0,23.0,534.0,40.0,45214.5,2018-04-18 13:28:26,2018.0,4.0,18.0,13.0,28.0,26.0,10.0,0.0,0.1,4.0,5.5,860.0,0.0,5.0,-0.1,3.0,14949.199999999999,21360.0,1079166.9999999998,1252028.5,1.0,100.0,0.0,0.04597701149425287,0.4367816091954023,0.5172413793103449,1,black,0.4367816091954023,0.3333333333333333,0.16091954022988506,0.06896551724137931
63651619716.0,50.0,533.8,31.0,96.0,24.0,23.0,534.0,45.0,45214.6,2018-04-18 13:28:36,2018.0,4.0,18.0,13.0,28.0,36.0,10.0,0.0,0.2,4.0,5.599999999998545,870.0,3.0,-49.0,3.1,-47.0,16547.8,24030.0,1095714.7999999998,1276058.5,1.0,100.0,0.0,0.045454545454545456,0.4318181818181818,0.5227272727272727,1,black,0.4318181818181818,0.3409090909090909,0.1590909090909091,0.06818181818181818
63651619726.0,46.0,536.9,-16.0,96.0,24.0,23.0,537.0,-4.0,45214.8,2018-04-18 13:28:46,2018.0,4.0,18.0,13.0,28.0,46.0,10.0,0.0,0.1,4.0,5.80000000000291,880.0,5.0,-94.0,4.8,-87.0,-8590.4,-2148.0,1091419.5999999999,1274984.5,1.0,100.0,0.0,0.056179775280898875,0.42696629213483145,0.5168539325842697,1,black,0.42696629213483145,0.34831460674157305,0.15730337078651685,0.06741573033707865
63651619736.0,26.0,541.7,-103.0,96.0,24.0,23.0,542.0,-98.0,45214.9,2018-04-18 13:28:56,2018.0,4.0,18.0,13.0,28.0,56.0,10.0,0.0,0.0,4.0,5.900000000001455,890.0,-4.0,98.0,-3.1,85.0,-55795.100000000006,-53116.0,1063522.0499999998,1248426.5,1.0,100.0,0.0,0.06666666666666667,0.4222222222222222,0.5111111111111111,3,orange,0.4222222222222222,0.34444444444444444,0.15555555555555556,0.07777777777777778
63651619746.0,8.0,538.6,-18.0,96.0,24.0,23.0,538.0,0.0,45214.9,2018-04-18 13:29:06,2018.0,4.0,18.0,13.0,29.0,6.0,10.0,0.0,0.0,4.0,5.900000000001455,900.0,0.0,0.0,-1.2,19.0,-9694.800000000001,0.0,1058674.65,1248426.5,1.0,100.0,0.0,0.06593406593406594,0.42857142857142855,0.5054945054945055,0,red,0.42857142857142855,0.34065934065934067,0.15384615384615385,0.07692307692307693
63651619756.0,0.0,537.4,1.0,96.0,24.0,23.0,538.0,0.0,45214.9,2018-04-18 13:29:16,2018.0,4.0,18.0,13.0,29.0,16.0,10.0,0.0,0.0,4.0,5.900000000001455,910.0,0.0,0.0,0.0,0.0,537.4,0.0,1059212.0499999998,1248426.5,1.0,100.0,0.0,0.06521739130434782,0.43478260869565216,0.5,0,red,0.43478260869565216,0.33695652173913043,0.15217391304347827,0.07608695652173914
63651619766.0,0.0,537.4,1.0,96.0,24.0,23.0,538.0,0.0,45214.9,2018-04-18 13:29:26,2018.0,4.0,18.0,13.0,29.0,26.0,10.0,0.0,0.0,4.0,5.900000000001455,920.0,-5.0,91.0,-3.6,87.0,537.4,0.0,1059749.4499999997,1248426.5,1.0,100.0,0.0,0.06451612903225806,0.44086021505376344,0.4946236559139785,0,red,0.44086021505376344,0.3333333333333333,0.15053763440860216,0.07526881720430108
63651619776.0,13.0,533.8,88.0,96.0,24.0,23.0,533.0,91.0,45214.9,2018-04-18 13:29:36,2018.0,4.0,18.0,13.0,29.0,36.0,10.0,0.0,0.1,4.0,5.900000000001455,930.0,-3.0,39.0,-2.6,28.0,46974.399999999994,48503.0,1106723.8499999996,1296929.5,1.0,100.0,0.0,0.06382978723404255,0.43617021276595747,0.5,0,red,0.44680851063829785,0.32978723404255317,0.14893617021276595,0.07446808510638298
63651619786.0,38.0,531.2,116.0,96.0,24.0,23.0,530.0,130.0,45215.0,2018-04-18 13:29:46,2018.0,4.0,18.0,13.0,29.0,46.0,10.0,0.0,0.1,4.0,6.0,940.0,4.0,-97.0,2.9,-90.0,61619.200000000004,68900.0,1168343.0499999996,1365829.5,1.0,100.0,0.0,0.06315789473684211,0.43157894736842106,0.5052631578947369,2,green,0.4421052631578947,0.3263157894736842,0.15789473684210525,0.07368421052631578
63651619796.0,45.0,534.1,26.0,96.0,24.0,23.0,534.0,33.0,45215.1,2018-04-18 13:29:56,2018.0,4.0,18.0,13.0,29.0,56.0,10.0,0.0,0.1,4.0,6.099999999998545,950.0,0.0,13.0,-0.3,11.0,13886.6,17622.0,1182229.6499999997,1383451.5,1.0,100.0,0.0,0.0625,0.4270833333333333,0.5104166666666666,1,black,0.4375,0.3333333333333333,0.15625,0.07291666666666667
63651619806.0,46.0,533.8,37.0,96.0,24.0,23.0,534.0,46.0,45215.2,2018-04-18 13:30:06,2018.0,4.0,18.0,13.0,30.0,6.0,10.0,0.0,0.1,4.0,6.19999999999709,960.0,9.0,-144.0,8.1,-142.0,19750.6,24564.0,1201980.2499999998,1408015.5,1.0,100.0,0.0,0.061855670103092786,0.422680412371134,0.5154639175257731,2,green,0.4329896907216495,0.32989690721649484,0.16494845360824742,0.07216494845360824
63651619816.0,26.0,541.9,-105.0,96.0,24.0,23.0,543.0,-98.0,45215.3,2018-04-18 13:30:16,2018.0,4.0,18.0,13.0,30.0,16.0,10.0,0.0,0.1,4.0,6.30000000000291,970.0,-12.0,221.0,-10.7,217.0,-56899.5,-53214.0,1173530.4999999998,1381408.5,1.0,100.0,0.0,0.07142857142857142,0.41836734693877553,0.5102040816326531,3,orange,0.42857142857142855,0.32653061224489793,0.16326530612244897,0.08163265306122448
63651619826.0,37.0,531.2,112.0,96.0,24.0,23.0,531.0,123.0,45215.4,2018-04-18 13:30:26,2018.0,4.0,18.0,13.0,30.0,26.0,10.0,0.0,0.1,4.0,6.400000000001455,980.0,2.0,-74.0,1.8,-72.0,59494.40000000001,65313.0,1233024.8999999997,1446721.5,1.0,100.0,0.0,0.0707070707070707,0.41414141414141414,0.5151515151515151,2,green,0.42424242424242425,0.32323232323232326,0.1717171717171717,0.08080808080808081
63651619836.0,49.0,533.0,40.0,96.0,24.0,23.0,533.0,49.0,45215.5,2018-04-18 13:30:36,2018.0,4.0,18.0,13.0,30.0,36.0,10.0,0.0,0.2,4.0,6.5,990.0,2.0,-18.0,1.9,-16.0,21320.0,26117.0,1254344.8999999997,1472838.5,1.0,100.0,0.0,0.07,0.41,0.52,1,black,0.42,0.33,0.17,0.08
63651619846.0,44.0,534.9,24.0,96.0,24.0,23.0,535.0,31.0,45215.7,2018-04-18 13:30:46,2018.0,4.0,18.0,13.0,30.0,46.0,10.0,0.0,0.1,4.0,6.69999999999709,1000.0,0.0,12.0,-0.9,19.0,12837.599999999999,16585.0,1267182.4999999998,1489423.5,1.0,100.0,0.0,0.06930693069306931,0.40594059405940597,0.5247524752475248,1,black,0.4158415841584158,0.33663366336633666,0.16831683168316833,0.07920792079207921
63651619856.0,45.0,534.0,43.0,96.0,24.0,23.0,535.0,43.0,45215.8,2018-04-18 13:30:56,2018.0,4.0,18.0,13.0,30.0,56.0,10.0,0.0,0.1,4.0,6.80000000000291,1010.0,3.0,-49.0,3.7,-50.0,22962.0,23005.0,1290144.4999999998,1512428.5,1.0,100.0,0.0,0.06862745098039216,0.4019607843137255,0.5294117647058824,1,black,0.4117647058823529,0.3431372549019608,0.16666666666666666,0.0784313725490196
63651619866.0,31.0,537.7,-7.0,96.0,24.0,23.0,538.0,-6.0,45215.9,2018-04-18 13:31:06,2018.0,4.0,18.0,13.0,31.0,6.0,10.0,0.0,0.1,4.0,6.900000000001455,1020.0,3.0,-70.0,2.8,-71.0,-3763.9000000000005,-3228.0,1288262.5499999998,1510814.5,1.0,100.0,0.0,0.07766990291262135,0.39805825242718446,0.5242718446601942,1,black,0.4077669902912621,0.34951456310679613,0.1650485436893204,0.07766990291262135
63651619876.0,21.0,540.5,-78.0,96.0,24.0,23.0,541.0,-76.0,45216.0,2018-04-18 13:31:16,2018.0,4.0,18.0,13.0,31.0,16.0,10.0,0.0,0.0,4.0,7.0,1030.0,-7.0,139.0,-5.5,129.0,-42159.0,-41116.0,1267183.0499999998,1490256.5,1.0,100.0,0.0,0.08653846153846154,0.3942307692307692,0.5192307692307693,3,orange,0.40384615384615385,0.34615384615384615,0.16346153846153846,0.08653846153846154
63651619886.0,10.0,535.0,51.0,96.0,24.0,23.0,534.0,63.0,45216.0,2018-04-18 13:31:26,2018.0,4.0,18.0,13.0,31.0,26.0,10.0,0.0,0.1,4.0,7.0,1040.0,-5.0,72.0,-6.0,72.0,27285.0,33642.0,1294468.0499999998,1523898.5,1.0,100.0,0.0,0.08571428571428572,0.3904761904761905,0.5238095238095238,0,red,0.4095238095238095,0.34285714285714286,0.1619047619047619,0.08571428571428572
63651619896.0,45.0,529.0,123.0,96.0,24.0,23.0,529.0,135.0,45216.1,2018-04-18 13:31:36,2018.0,4.0,18.0,13.0,31.0,36.0,10.0,0.0,0.1,4.0,7.099999999998545,1050.0,7.0,-139.0,6.5,-141.0,65067.0,71415.0,1359535.0499999998,1595313.5,1.0,100.0,0.0,0.08490566037735849,0.3867924528301887,0.5283018867924528,2,green,0.4056603773584906,0.33962264150943394,0.16981132075471697,0.08490566037735849
63651619906.0,46.0,535.5,-18.0,96.0,24.0,23.0,536.0,-4.0,45216.2,2018-04-18 13:31:46,2018.0,4.0,18.0,13.0,31.0,46.0,10.0,0.0,0.1,4.0,7.19999999999709,1060.0,5.0,-64.0,5.2,-58.0,-9639.0,-2144.0,1354715.5499999998,1594241.5,1.0,100.0,0.0,0.09345794392523364,0.38317757009345793,0.5233644859813084,1,black,0.40186915887850466,0.34579439252336447,0.16822429906542055,0.08411214953271028
63651619916.0,18.0,540.7,-76.0,96.0,24.0,23.0,541.0,-68.0,45216.3,2018-04-18 13:31:56,2018.0,4.0,18.0,13.0,31.0,56.0,10.0,0.0,0.0,4.0,7.30000000000291,1070.0,-5.0,109.0,-4.2,97.0,-41093.200000000004,-36788.0,1334168.9499999997,1575847.5,1.0,100.0,0.0,0.10185185185185185,0.37962962962962965,0.5185185185185185,3,orange,0.39814814814814814,0.3425925925925926,0.16666666666666666,0.09259259259259259
63651619926.0,10.0,536.5,21.0,96.0,24.0,23.0,536.0,41.0,45216.3,2018-04-18 13:32:06,2018.0,4.0,18.0,13.0,32.0,6.0,10.0,0.0,0.1,4.0,7.30000000000291,1080.0,-4.0,50.0,-4.6,64.0,11266.5,21976.0,1345435.4499999997,1597823.5,1.0,100.0,0.0,0.10091743119266056,0.3761467889908257,0.5229357798165137,0,red,0.4036697247706422,0.3394495412844037,0.1651376146788991,0.09174311926605505
63651619936.0,36.0,531.9,85.0,96.0,24.0,23.0,532.0,91.0,45216.4,2018-04-18 13:32:16,2018.0,4.0,18.0,13.0,32.0,16.0,10.0,-1.0,0.1,5.0,7.400000000001455,1090.0,5.0,-100.0,2.9,-71.0,45211.5,48412.0,1390646.9499999997,1646235.5,1.0,100.0,0.0,0.1,0.37272727272727274,0.5272727272727272,2,green,0.4,0.33636363636363636,0.17272727272727273,0.09090909090909091
63651619946.0,41.0,534.8,14.0,95.0,24.0,23.0,537.0,-9.0,45216.5,2018-04-18 13:32:26,2018.0,4.0,18.0,13.0,32.0,26.0,10.0,0.0,0.1,5.0,7.5,1100.0,6.0,-109.0,4.7,-114.0,7487.199999999999,-4833.0,1398134.1499999997,1643819.0,1.0,100.0,0.0,0.10810810810810811,0.36936936936936937,0.5225225225225225,1,black,0.3963963963963964,0.34234234234234234,0.17117117117117117,0.09009009009009009
63651619956.0,32.0,539.5,-100.0,95.0,24.0,23.0,543.0,-118.0,45216.6,2018-04-18 13:32:36,2018.0,4.0,18.0,13.0,32.0,36.0,10.0,0.0,0.0,5.0,7.599999999998545,1110.0,-5.0,118.0,-2.3,102.0,-53950.0,-64074.0,1371159.1499999997,1611782.0,1.0,100.0,0.0,0.11607142857142858,0.36607142857142855,0.5178571428571429,3,orange,0.39285714285714285,0.3392857142857143,0.16964285714285715,0.09821428571428571
63651619966.0,0.0,537.2,2.0,95.0,24.0,23.0,538.0,0.0,45216.6,2018-04-18 13:32:46,2018.0,4.0,18.0,13.0,32.0,46.0,10.0,0.0,0.1,5.0,7.599999999998545,1120.0,-5.0,84.0,-3.7,74.0,1074.4,0.0,1372233.5499999996,1611782.0,1.0,100.0,0.0,0.11504424778761062,0.37168141592920356,0.5132743362831859,0,red,0.39823008849557523,0.336283185840708,0.168141592920354,0.09734513274336283
63651619976.0,21.0,533.5,76.0,95.0,24.0,23.0,533.0,84.0,45216.7,2018-04-18 13:32:56,2018.0,4.0,18.0,13.0,32.0,56.0,10.0,0.0,0.0,5.0,7.69999999999709,1130.0,4.0,-89.0,2.9,-82.0,40546.0,44772.0,1412779.5499999996,1656554.0,1.0,100.0,0.0,0.11403508771929824,0.3684210526315789,0.5175438596491229,2,green,0.39473684210526316,0.3333333333333333,0.17543859649122806,0.09649122807017543
63651619986.0,29.0,536.4,-6.0,95.0,24.0,23.0,537.0,-5.0,45216.7,2018-04-18 13:33:06,2018.0,4.0,18.0,13.0,33.0,6.0,10.0,0.0,0.1,5.0,7.69999999999709,1140.0,1.0,5.0,1.0,7.0,-3218.3999999999996,-2685.0,1411170.3499999996,1655211.5,1.0,100.0,0.0,0.12173913043478261,0.3652173913043478,0.5130434782608696,1,black,0.391304347826087,0.3391304347826087,0.17391304347826086,0.09565217391304348
63651619996.0,3.0,537.4,1.0,95.0,24.0,23.0,538.0,0.0,45216.8,2018-04-18 13:33:16,2018.0,4.0,18.0,13.0,33.0,16.0,10.0,0.0,0.0,5.0,7.80000000000291,1150.0,-2.0,31.0,-0.5,12.0,537.4,0.0,1411707.7499999995,1655211.5,1.0,100.0,0.0,0.1206896551724138,0.3706896551724138,0.5086206896551724,0,red,0.39655172413793105,0.33620689655172414,0.1724137931034483,0.09482758620689655
63651620006.0,5.0,536.9,13.0,95.0,24.0,23.0,536.0,31.0,45216.8,2018-04-18 13:33:26,2018.0,4.0,18.0,13.0,33.0,26.0,10.0,0.0,0.1,5.0,7.80000000000291,1160.0,-9.0,155.0,-9.3,146.0,6979.7,16616.0,1418687.4499999995,1671827.5,1.0,100.0,0.0,0.11965811965811966,0.36752136752136755,0.5128205128205128,3,orange,0.39316239316239315,0.3333333333333333,0.17094017094017094,0.10256410256410256
63651620016.0,49.0,527.6,159.0,95.0,24.0,23.0,527.0,186.0,45216.9,2018-04-18 13:33:36,2018.0,4.0,18.0,13.0,33.0,36.0,10.0,0.0,0.1,5.0,7.900000000001455,1170.0,7.0,-146.0,6.5,-129.0,83888.40000000001,98022.0,1502575.8499999994,1769849.5,1.0,100.0,0.0,0.11864406779661017,0.3644067796610169,0.5169491525423728,2,green,0.3898305084745763,0.3305084745762712,0.17796610169491525,0.1016949152542373
63651620026.0,46.0,534.1,30.0,95.0,24.0,23.0,534.0,40.0,45217.0,2018-04-18 13:33:46,2018.0,4.0,18.0,13.0,33.0,46.0,10.0,0.0,0.1,5.0,8.0,1180.0,3.0,-47.0,2.3,-44.0,16023.0,21360.0,1518598.8499999994,1791209.5,1.0,100.0,0.0,0.11764705882352941,0.36134453781512604,0.5210084033613446,1,black,0.3865546218487395,0.33613445378151263,0.17647058823529413,0.10084033613445378
63651620036.0,42.0,536.4,-14.0,95.0,24.0,23.0,537.0,-7.0,45217.1,2018-04-18 13:33:56,2018.0,4.0,18.0,13.0,33.0,56.0,10.0,0.0,0.1,5.0,8.099999999998545,1190.0,-3.0,50.0,-3.7,71.0,-7509.599999999999,-3759.0,1514844.0499999993,1789330.0,1.0,100.0,0.0,0.125,0.35833333333333334,0.5166666666666667,1,black,0.38333333333333336,0.3416666666666667,0.175,0.1
63651620046.0,45.0,532.7,57.0,95.0,24.0,23.0,534.0,43.0,45217.2,2018-04-18 13:34:06,2018.0,4.0,18.0,13.0,34.0,6.0,10.0,-1.0,0.2,6.0,8.19999999999709,1200.0,3.0,-49.0,3.5,-71.0,30363.9,22962.0,1545207.9499999993,1812292.0,1.0,100.0,0.0,0.12396694214876033,0.35537190082644626,0.5206611570247934,1,black,0.38016528925619836,0.34710743801652894,0.17355371900826447,0.09917355371900827
63651620056.0,42.0,536.2,-14.0,94.0,24.0,23.0,537.0,-6.0,45217.4,2018-04-18 13:34:16,2018.0,4.0,18.0,13.0,34.0,16.0,10.0,0.0,0.1,6.0,8.400000000001455,1210.0,-4.0,64.0,-2.8,67.0,-7506.800000000001,-3222.0,1541454.5499999993,1810681.0,1.0,100.0,0.0,0.13114754098360656,0.3524590163934426,0.5163934426229508,1,black,0.3770491803278688,0.3524590163934426,0.1721311475409836,0.09836065573770492
63651620066.0,44.0,533.4,53.0,94.0,24.0,23.0,533.0,58.0,45217.5,2018-04-18 13:34:26,2018.0,4.0,18.0,13.0,34.0,26.0,10.0,0.0,0.1,6.0,8.5,1220.0,1.0,-17.0,0.5,-23.0,28270.199999999997,30914.0,1569724.7499999993,1841595.0,1.0,100.0,0.0,0.13008130081300814,0.34959349593495936,0.5203252032520326,1,black,0.37398373983739835,0.35772357723577236,0.17073170731707318,0.0975609756097561
63651620076.0,49.0,533.9,30.0,94.0,24.0,23.0,534.0,41.0,45217.6,2018-04-18 13:34:36,2018.0,4.0,18.0,13.0,34.0,36.0,10.0,0.0,0.1,6.0,8.599999999998545,1230.0,3.0,-47.0,2.8,-44.0,16017.0,21894.0,1585741.7499999993,1863489.0,1.0,100.0,0.0,0.12903225806451613,0.3467741935483871,0.5241935483870968,1,black,0.3709677419354839,0.3629032258064516,0.1693548387096774,0.0967741935483871
63651620086.0,42.0,536.7,-14.0,94.0,24.0,23.0,537.0,-6.0,45217.7,2018-04-18 13:34:46,2018.0,4.0,18.0,13.0,34.0,46.0,10.0,0.0,0.1,6.0,8.69999999999709,1240.0,-4.0,113.0,-1.7,77.0,-7513.800000000001,-3222.0,1581984.8499999994,1861878.0,1.0,100.0,0.0,0.136,0.344,0.52,3,orange,0.368,0.36,0.168,0.104
63651620096.0,22.0,535.0,63.0,94.0,24.0,23.0,533.0,107.0,45217.8,2018-04-18 13:34:56,2018.0,4.0,18.0,13.0,34.0,56.0,10.0,0.0,0.1,6.0,8.80000000000291,1250.0,3.0,-101.0,-1.8,-22.0,33705.0,57031.0,1615689.8499999994,1918909.0,1.0,100.0,0.0,0.1349206349206349,0.3412698412698413,0.5238095238095238,2,green,0.36507936507936506,0.35714285714285715,0.1746031746031746,0.10317460317460317
63651620106.0,44.0,533.2,41.0,94.0,24.0,23.0,536.0,6.0,45217.9,2018-04-18 13:35:06,2018.0,4.0,18.0,13.0,35.0,6.0,10.0,0.0,0.1,6.0,8.900000000001455,1260.0,1.0,-13.0,3.3,-56.0,21861.2,3216.0,1637551.0499999993,1922125.0,1.0,100.0,0.0,0.13385826771653545,0.33858267716535434,0.5275590551181102,1,black,0.36220472440944884,0.36220472440944884,0.1732283464566929,0.10236220472440945
63651620116.0,42.0,536.5,-15.0,94.0,24.0,23.0,537.0,-7.0,45218.0,2018-04-18 13:35:16,2018.0,4.0,18.0,13.0,35.0,16.0,10.0,0.0,0.1,6.0,9.0,1270.0,-3.0,55.0,-4.3,92.0,-8047.5,-3759.0,1633527.2999999993,1920245.5,1.0,100.0,0.0,0.140625,0.3359375,0.5234375,1,black,0.359375,0.3671875,0.171875,0.1015625
63651620126.0,46.0,532.2,77.0,94.0,24.0,23.0,534.0,48.0,45218.1,2018-04-18 13:35:26,2018.0,4.0,18.0,13.0,35.0,26.0,10.0,0.0,0.2,6.0,9.099999999998545,1280.0,10.0,-197.0,8.8,-220.0,40979.4,25632.0,1674506.6999999993,1945877.5,1.0,100.0,0.0,0.13953488372093023,0.3333333333333333,0.5271317829457365,2,green,0.35658914728682173,0.3643410852713178,0.17829457364341086,0.10077519379844961
63651620136.0,45.0,541.0,-143.0,94.0,24.0,23.0,544.0,-149.0,45218.3,2018-04-18 13:35:36,2018.0,4.0,18.0,13.0,35.0,36.0,10.0,0.0,0.1,6.0,9.30000000000291,1290.0,-11.0,248.0,-6.9,218.0,-77363.0,-81056.0,1635825.1999999993,1905349.5,1.0,100.0,0.0,0.14615384615384616,0.33076923076923076,0.5230769230769231,3,orange,0.35384615384615387,0.36153846153846153,0.17692307692307693,0.1076923076923077
63651620146.0,29.0,534.1,75.0,94.0,24.0,23.0,533.0,99.0,45218.4,2018-04-18 13:35:46,2018.0,4.0,18.0,13.0,35.0,46.0,10.0,0.0,0.0,6.0,9.400000000001455,1300.0,6.0,-99.0,4.0,-75.0,40057.5,52767.0,1675882.6999999993,1958116.5,1.0,100.0,0.0,0.1450381679389313,0.3282442748091603,0.5267175572519084,2,green,0.3511450381679389,0.35877862595419846,0.183206106870229,0.10687022900763359
63651620156.0,0.0,538.1,0.0,94.0,24.0,23.0,539.0,0.0,45218.4,2018-04-18 13:35:56,2018.0,4.0,18.0,13.0,35.0,56.0,10.0,0.0,0.0,6.0,9.400000000001455,1310.0,-1.0,1.0,-0.5,3.0,0.0,0.0,1675882.6999999993,1958116.5,1.0,100.0,0.0,0.14393939393939395,0.3333333333333333,0.5227272727272727,0,red,0.3560606060606061,0.3560606060606061,0.18181818181818182,0.10606060606060606
63651620166.0,1.0,537.6,3.0,94.0,24.0,23.0,538.0,1.0,45218.4,2018-04-18 13:36:06,2018.0,4.0,18.0,13.0,36.0,6.0,10.0,0.0,0.1,6.0,9.400000000001455,1320.0,-3.0,38.0,-3.2,49.0,1612.8000000000002,538.0,1677495.4999999993,1958654.5,1.0,100.0,0.0,0.14285714285714285,0.3308270676691729,0.5263157894736842,0,red,0.3609022556390977,0.3533834586466165,0.18045112781954886,0.10526315789473684
63651620176.0,24.0,534.4,52.0,94.0,24.0,23.0,535.0,39.0,45218.5,2018-04-18 13:36:16,2018.0,4.0,18.0,13.0,36.0,16.0,10.0,0.0,0.0,6.0,9.5,1330.0,7.0,-141.0,6.7,-165.0,27788.8,20865.0,1705284.2999999993,1979519.5,1.0,100.0,0.0,0.1417910447761194,0.3283582089552239,0.5298507462686567,2,green,0.3582089552238806,0.35074626865671643,0.1865671641791045,0.1044776119402985
63651620186.0,28.0,541.1,-113.0,94.0,24.0,23.0,542.0,-102.0,45218.5,2018-04-18 13:36:26,2018.0,4.0,18.0,13.0,36.0,26.0,10.0,0.0,0.1,6.0,9.5,1340.0,-4.0,98.0,-1.0,49.0,-61144.3,-55284.0,1674712.1499999994,1951877.5,1.0,100.0,0.0,0.14814814814814814,0.32592592592592595,0.5259259259259259,3,orange,0.35555555555555557,0.34814814814814815,0.18518518518518517,0.1111111111111111
63651620196.0,17.0,540.1,-64.0,94.0,24.0,23.0,538.0,-4.0,45218.6,2018-04-18 13:36:36,2018.0,4.0,18.0,13.0,36.0,36.0,10.0,0.0,0.0,6.0,9.599999999998545,1350.0,0.0,4.0,-2.4,65.0,-34566.4,-2152.0,1657428.9499999995,1950801.5,1.0,100.0,0.0,0.15441176470588236,0.3235294117647059,0.5220588235294118,0,red,0.3602941176470588,0.34558823529411764,0.18382352941176472,0.11029411764705882
63651620206.0,0.0,537.7,1.0,94.0,24.0,23.0,538.0,0.0,45218.6,2018-04-18 13:36:46,2018.0,4.0,18.0,13.0,36.0,46.0,10.0,0.0,0.0,6.0,9.599999999998545,1360.0,0.0,0.0,-0.1,0.0,537.7,0.0,1657966.6499999994,1950801.5,1.0,100.0,0.0,0.15328467153284672,0.3284671532846715,0.5182481751824818,0,red,0.36496350364963503,0.34306569343065696,0.18248175182481752,0.10948905109489052
63651620216.0,0.0,537.6,1.0,94.0,24.0,23.0,538.0,0.0,45218.6,2018-04-18 13:36:56,2018.0,4.0,18.0,13.0,36.0,56.0,10.0,0.0,0.0,6.0,9.599999999998545,1370.0,0.0,0.0,0.0,0.0,537.6,0.0,1658504.2499999995,1950801.5,1.0,100.0,0.0,0.15217391304347827,0.3333333333333333,0.5144927536231884,0,red,0.3695652173913043,0.34057971014492755,0.18115942028985507,0.10869565217391304
63651620226.0,0.0,537.6,1.0,94.0,24.0,23.0,538.0,0.0,45218.6,2018-04-18 13:37:06,2018.0,4.0,18.0,13.0,37.0,6.0,10.0,0.0,0.0,6.0,9.599999999998545,1380.0,0.0,0.0,0.0,0.0,537.6,0.0,1659041.8499999996,1950801.5,1.0,100.0,0.0,0.1510791366906475,0.3381294964028777,0.5107913669064749,0,red,0.37410071942446044,0.3381294964028777,0.17985611510791366,0.1079136690647482
63651620236.0,0.0,537.6,1.0,94.0,24.0,23.0,538.0,0.0,45218.6,2018-04-18 13:37:16,2018.0,4.0,18.0,13.0,37.0,16.0,10.0,0.0,0.0,6.0,9.599999999998545,1390.0,0.0,1.0,-0.8,7.0,537.6,0.0,1659579.4499999997,1950801.5,1.0,100.0,0.0,0.15,0.34285714285714286,0.5071428571428571,0,red,0.37857142857142856,0.3357142857142857,0.17857142857142858,0.10714285714285714
63651620246.0,12.0,536.8,8.0,94.0,24.0,23.0,538.0,1.0,45218.6,2018-04-18 13:37:26,2018.0,4.0,18.0,13.0,37.0,26.0,10.0,0.0,0.1,6.0,9.599999999998545,1400.0,1.0,-14.0,2.6,-42.0,4294.4,538.0,1663873.8499999996,1951339.5,1.0,100.0,0.0,0.14893617021276595,0.3404255319148936,0.5106382978723404,0,red,0.3829787234042553,0.3333333333333333,0.1773049645390071,0.10638297872340426
63651620256.0,17.0,539.4,-34.0,94.0,24.0,23.0,539.0,-13.0,45218.7,2018-04-18 13:37:36,2018.0,4.0,18.0,13.0,37.0,36.0,10.0,0.0,0.0,6.0,9.69999999999709,1410.0,3.0,-81.0,1.2,-56.0,-18339.6,-7007.0,1654704.0499999996,1947836.0,1.0,100.0,0.0,0.15492957746478872,0.3380281690140845,0.5070422535211268,0,red,0.3873239436619718,0.33098591549295775,0.176056338028169,0.1056338028169014
63651620266.0,26.0,540.6,-90.0,94.0,24.0,23.0,542.0,-94.0,45218.7,2018-04-18 13:37:46,2018.0,4.0,18.0,13.0,37.0,46.0,10.0,0.0,0.1,6.0,9.69999999999709,1420.0,-4.0,94.0,-3.0,91.0,-48654.0,-50948.0,1630377.0499999996,1922362.0,1.0,100.0,0.0,0.16083916083916083,0.3356643356643357,0.5034965034965035,3,orange,0.38461538461538464,0.32867132867132864,0.17482517482517482,0.11188811188811189
63651620276.0,0.0,537.6,1.0,94.0,24.0,23.0,538.0,0.0,45218.8,2018-04-18 13:37:56,2018.0,4.0,18.0,13.0,37.0,56.0,10.0,0.0,0.0,6.0,9.80000000000291,1430.0,-5.0,101.0,-4.8,97.0,537.6,0.0,1630914.6499999997,1922362.0,1.0,100.0,0.0,0.1597222222222222,0.3402777777777778,0.5,0,red,0.3888888888888889,0.3263888888888889,0.1736111111111111,0.1111111111111111
63651620286.0,22.0,532.8,98.0,94.0,24.0,23.0,533.0,101.0,45218.8,2018-04-18 13:38:06,2018.0,4.0,18.0,13.0,38.0,6.0,10.0,0.0,0.1,6.0,9.80000000000291,1440.0,1.0,-58.0,0.9,-56.0,52214.399999999994,53833.0,1683129.0499999996,1976195.0,1.0,100.0,0.0,0.15862068965517243,0.33793103448275863,0.503448275862069,2,green,0.38620689655172413,0.32413793103448274,0.1793103448275862,0.1103448275862069
63651620296.0,40.0,533.7,42.0,94.0,24.0,23.0,534.0,43.0,45218.9,2018-04-18 13:38:16,2018.0,4.0,18.0,13.0,38.0,16.0,10.0,0.0,0.1,6.0,9.900000000001455,1450.0,8.0,-158.0,3.3,-53.0,22415.4,22962.0,1705544.4499999995,1999157.0,1.0,100.0,0.0,0.15753424657534246,0.3356164383561644,0.5068493150684932,2,green,0.3835616438356164,0.3219178082191781,0.18493150684931506,0.1095890410958904
63651620306.0,35.0,537.0,-11.0,94.0,24.0,23.0,542.0,-115.0,45219.0,2018-04-18 13:38:26,2018.0,4.0,18.0,13.0,38.0,26.0,10.0,0.0,0.0,6.0,10.0,1460.0,-4.0,115.0,0.8,12.0,-5907.0,-62330.0,1702590.9499999995,1967992.0,1.0,100.0,0.0,0.16326530612244897,0.3333333333333333,0.5034013605442177,3,orange,0.38095238095238093,0.3197278911564626,0.1836734693877551,0.11564625850340136
63651620316.0,1.0,537.8,1.0,94.0,24.0,23.0,538.0,0.0,45219.0,2018-04-18 13:38:36,2018.0,4.0,18.0,13.0,38.0,36.0,10.0,0.0,0.0,6.0,10.0,1470.0,0.0,0.0,-0.1,0.0,537.8,0.0,1703128.7499999995,1967992.0,1.0,100.0,0.0,0.16216216216216217,0.33783783783783783,0.5,0,red,0.38513513513513514,0.31756756756756754,0.18243243243243243,0.11486486486486487
63651620326.0,3.0,537.7,1.0,94.0,24.0,23.0,538.0,0.0,45219.0,2018-04-18 13:38:46,2018.0,4.0,18.0,13.0,38.0,46.0,10.0,0.0,0.1,6.0,10.0,1480.0,-1.0,4.0,-0.7,0.0,537.7,0.0,1703666.4499999995,1967992.0,1.0,100.0,0.0,0.1610738255033557,0.3422818791946309,0.4966442953020134,0,red,0.38926174496644295,0.31543624161073824,0.18120805369127516,0.11409395973154363
63651620336.0,18.0,537.0,1.0,94.0,24.0,23.0,537.0,4.0,45219.1,2018-04-18 13:38:56,2018.0,4.0,18.0,13.0,38.0,56.0,10.0,0.0,0.0,6.0,10.099999999998545,1490.0,0.0,-4.0,-0.1,-1.0,537.0,2148.0,1704203.4499999995,1970140.0,1.0,100.0,0.0,0.16,0.34,0.5,0,red,0.3933333333333333,0.31333333333333335,0.18,0.11333333333333333
63651620346.0,24.0,536.9,0.0,94.0,24.0,23.0,537.0,0.0,45219.1,2018-04-18 13:39:06,2018.0,4.0,18.0,13.0,39.0,6.0,10.0,0.0,0.1,6.0,10.099999999998545,1500.0,0.0,13.0,0.0,21.0,0.0,0.0,1704203.4499999995,1970140.0,1.0,100.0,0.0,0.15894039735099338,0.3443708609271523,0.4966887417218543,1,black,0.39072847682119205,0.31788079470198677,0.17880794701986755,0.11258278145695365
63651620356.0,15.0,536.9,21.0,94.0,24.0,23.0,537.0,13.0,45219.2,2018-04-18 13:39:16,2018.0,4.0,18.0,13.0,39.0,16.0,10.0,0.0,0.0,6.0,10.19999999999709,1510.0,0.0,-5.0,-0.4,-12.0,11274.9,6981.0,1715478.3499999994,1977121.0,1.0,100.0,0.0,0.15789473684210525,0.34210526315789475,0.5,0,red,0.39473684210526316,0.3157894736842105,0.17763157894736842,0.1118421052631579
63651620366.0,10.0,536.5,9.0,94.0,24.0,23.0,537.0,8.0,45219.2,2018-04-18 13:39:26,2018.0,4.0,18.0,13.0,39.0,26.0,10.0,0.0,0.0,6.0,10.19999999999709,1520.0,1.0,-17.0,0.6,-10.0,4828.5,4296.0,1720306.8499999994,1981417.0,1.0,100.0,0.0,0.1568627450980392,0.33986928104575165,0.5032679738562091,0,red,0.39869281045751637,0.3137254901960784,0.17647058823529413,0.1111111111111111
63651620376.0,8.0,537.1,-1.0,94.0,24.0,23.0,538.0,-9.0,45219.2,2018-04-18 13:39:36,2018.0,4.0,18.0,13.0,39.0,36.0,10.0,0.0,0.0,6.0,10.19999999999709,1530.0,0.0,9.0,0.3,2.0,-537.1,-4842.0,1720038.2999999993,1978996.0,1.0,100.0,0.0,0.16233766233766234,0.33766233766233766,0.5,0,red,0.4025974025974026,0.3116883116883117,0.17532467532467533,0.11038961038961038
63651620386.0,0.0,537.4,1.0,94.0,24.0,23.0,538.0,0.0,45219.2,2018-04-18 13:39:46,2018.0,4.0,18.0,13.0,39.0,46.0,10.0,0.0,0.0,6.0,10.19999999999709,1540.0,0.0,1.0,-0.2,2.0,537.4,0.0,1720575.6999999993,1978996.0,1.0,100.0,0.0,0.16129032258064516,0.3419354838709677,0.4967741935483871,0,red,0.4064516129032258,0.3096774193548387,0.17419354838709677,0.10967741935483871
63651620396.0,6.0,537.2,3.0,94.0,24.0,23.0,538.0,1.0,45219.2,2018-04-18 13:39:56,2018.0,4.0,18.0,13.0,39.0,56.0,10.0,0.0,0.0,6.0,10.19999999999709,1550.0,0.0,-1.0,0.4,-2.0,1611.6000000000001,538.0,1722187.2999999993,1979534.0,1.0,100.0,0.0,0.16025641025641027,0.33974358974358976,0.5,0,red,0.41025641025641024,0.3076923076923077,0.17307692307692307,0.10897435897435898
63651620406.0,0.0,537.6,1.0,94.0,24.0,23.0,538.0,0.0,45219.2,2018-04-18 13:40:06,2018.0,4.0,18.0,13.0,40.0,6.0,10.0,0.0,0.0,6.0,10.19999999999709,1560.0,-1.0,19.0,-1.0,25.0,537.6,0.0,1722724.8999999994,1979534.0,1.0,100.0,0.0,0.1592356687898089,0.34394904458598724,0.4968152866242038,0,red,0.4140127388535032,0.3057324840764331,0.17197452229299362,0.10828025477707007
63651620416.0,5.0,536.6,26.0,94.0,24.0,23.0,537.0,19.0,45219.2,2018-04-18 13:40:16,2018.0,4.0,18.0,13.0,40.0,16.0,10.0,0.0,0.1,6.0,10.19999999999709,1570.0,1.0,-19.0,1.0,-25.0,13951.6,10203.0,1736676.4999999995,1989737.0,1.0,100.0,0.0,0.15822784810126583,0.34177215189873417,0.5,0,red,0.4177215189873418,0.3037974683544304,0.17088607594936708,0.10759493670886076
63651620426.0,1.0,537.6,1.0,94.0,24.0,23.0,538.0,0.0,45219.3,2018-04-18 13:40:26,2018.0,4.0,18.0,13.0,40.0,26.0,10.0,0.0,0.0,6.0,10.30000000000291,1580.0,0.0,-9.0,-0.3,1.0,537.6,0.0,1737214.0999999996,1989737.0,1.0,100.0,0.0,0.15723270440251572,0.34591194968553457,0.4968553459119497,0,red,0.42138364779874216,0.3018867924528302,0.16981132075471697,0.1069182389937107
63651620436.0,9.0,537.3,2.0,94.0,24.0,23.0,538.0,-9.0,45219.3,2018-04-18 13:40:36,2018.0,4.0,18.0,13.0,40.0,36.0,10.0,0.0,0.0,6.0,10.30000000000291,1590.0,1.0,-11.0,1.2,-21.0,1074.6,-4842.0,1738288.6999999997,1987316.0,1.0,100.0,0.0,0.1625,0.34375,0.49375,0,red,0.425,0.3,0.16875,0.10625
63651620446.0,8.0,538.5,-19.0,94.0,24.0,23.0,539.0,-20.0,45219.3,2018-04-18 13:40:46,2018.0,4.0,18.0,13.0,40.0,46.0,10.0,0.0,0.0,6.0,10.30000000000291,1600.0,-1.0,20.0,-0.8,20.0,-10231.5,-10780.0,1733172.9499999997,1981926.0,1.0,100.0,0.0,0.16770186335403728,0.3416149068322981,0.4906832298136646,0,red,0.42857142857142855,0.2981366459627329,0.16770186335403728,0.10559006211180125
63651620456.0,0.0,537.7,1.0,94.0,24.0,23.0,538.0,0.0,45219.3,2018-04-18 13:40:56,2018.0,4.0,18.0,13.0,40.0,56.0,10.0,0.0,0.0,6.0,10.30000000000291,1610.0,0.0,0.0,0.0,1.0,537.7,0.0,1733710.6499999997,1981926.0,1.0,100.0,0.0,0.16666666666666666,0.345679012345679,0.4876543209876543,0,red,0.43209876543209874,0.2962962962962963,0.16666666666666666,0.10493827160493827
63651620466.0,1.0,537.7,2.0,94.0,24.0,23.0,538.0,0.0,45219.3,2018-04-18 13:41:06,2018.0,4.0,18.0,13.0,41.0,6.0,10.0,0.0,0.0,6.0,10.30000000000291,1620.0,-1.0,32.0,-0.8,14.0,1075.4,0.0,1734786.0499999996,1981926.0,1.0,100.0,0.0,0.1656441717791411,0.3496932515337423,0.48466257668711654,0,red,0.43558282208588955,0.294478527607362,0.1656441717791411,0.10429447852760736
63651620476.0,13.0,536.9,16.0,94.0,24.0,23.0,537.0,32.0,45219.3,2018-04-18 13:41:16,2018.0,4.0,18.0,13.0,41.0,16.0,10.0,0.0,0.1,6.0,10.30000000000291,1630.0,-5.0,87.0,-3.9,92.0,8590.4,17184.0,1743376.4499999995,1999110.0,1.0,100.0,0.0,0.16463414634146342,0.3475609756097561,0.4878048780487805,0,red,0.43902439024390244,0.2926829268292683,0.16463414634146342,0.10365853658536585
63651620486.0,22.0,533.0,108.0,94.0,24.0,23.0,532.0,119.0,45219.4,2018-04-18 13:41:26,2018.0,4.0,18.0,13.0,41.0,26.0,10.0,0.0,0.0,6.0,10.400000000001455,1640.0,7.0,-147.0,4.1,-119.0,57564.0,63308.0,1800940.4499999995,2062418.0,1.0,100.0,0.0,0.16363636363636364,0.34545454545454546,0.4909090909090909,2,green,0.43636363636363634,0.2909090909090909,0.1696969696969697,0.10303030303030303
63651620496.0,28.0,537.1,-11.0,94.0,24.0,23.0,539.0,-28.0,45219.4,2018-04-18 13:41:36,2018.0,4.0,18.0,13.0,41.0,36.0,10.0,0.0,0.1,6.0,10.400000000001455,1650.0,1.0,-21.0,3.5,-66.0,-5908.1,-15092.0,1797986.3999999994,2054872.0,1.0,100.0,0.0,0.1686746987951807,0.3433734939759036,0.4879518072289157,1,black,0.43373493975903615,0.29518072289156627,0.1686746987951807,0.10240963855421686
63651620506.0,19.0,540.6,-77.0,94.0,24.0,23.0,540.0,-49.0,45219.5,2018-04-18 13:41:46,2018.0,4.0,18.0,13.0,41.0,46.0,10.0,0.0,0.1,6.0,10.5,1660.0,1.0,-22.0,-2.4,26.0,-41626.200000000004,-26460.0,1777173.2999999993,2041642.0,1.0,100.0,0.0,0.17365269461077845,0.3413173652694611,0.48502994011976047,0,red,0.437125748502994,0.2934131736526946,0.16766467065868262,0.10179640718562874
63651620516.0,21.0,538.2,-51.0,94.0,24.0,23.0,541.0,-71.0,45219.6,2018-04-18 13:41:56,2018.0,4.0,18.0,13.0,41.0,56.0,10.0,0.0,0.0,6.0,10.599999999998545,1670.0,-3.0,71.0,-0.6,59.0,-27448.2,-38411.0,1763449.1999999993,2022436.5,1.0,100.0,0.0,0.17857142857142858,0.3392857142857143,0.48214285714285715,3,orange,0.43452380952380953,0.2916666666666667,0.16666666666666666,0.10714285714285714
63651620526.0,0.0,537.6,8.0,94.0,24.0,23.0,538.0,0.0,45219.6,2018-04-18 13:42:06,2018.0,4.0,18.0,13.0,42.0,6.0,10.0,0.0,0.0,6.0,10.599999999998545,1680.0,0.0,0.0,-0.1,-8.0,4300.8,0.0,1767749.9999999993,2022436.5,1.0,100.0,0.0,0.17751479289940827,0.3431952662721893,0.47928994082840237,0,red,0.4378698224852071,0.28994082840236685,0.16568047337278108,0.10650887573964497
63651620536.0,0.0,537.5,0.0,94.0,24.0,23.0,538.0,0.0,45219.6,2018-04-18 13:42:16,2018.0,4.0,18.0,13.0,42.0,16.0,10.0,0.0,0.0,6.0,10.599999999998545,1690.0,0.0,0.0,-0.1,0.0,0.0,0.0,1767749.9999999993,2022436.5,1.0,100.0,0.0,0.17647058823529413,0.34705882352941175,0.4764705882352941,0,red,0.4411764705882353,0.28823529411764703,0.16470588235294117,0.10588235294117647
63651620546.0,0.0,537.4,0.0,94.0,24.0,23.0,538.0,0.0,45219.6,2018-04-18 13:42:26,2018.0,4.0,18.0,13.0,42.0,26.0,10.0,0.0,0.0,6.0,10.599999999998545,1700.0,0.0,0.0,0.4,1.0,0.0,0.0,1767749.9999999993,2022436.5,1.0,100.0,0.0,0.17543859649122806,0.3508771929824561,0.47368421052631576,0,red,0.4444444444444444,0.28654970760233917,0.16374269005847952,0.10526315789473684
63651620556.0,0.0,537.8,1.0,94.0,24.0,23.0,538.0,0.0,45219.6,2018-04-18 13:42:36,2018.0,4.0,18.0,13.0,42.0,36.0,10.0,0.0,0.0,6.0,10.599999999998545,1710.0,0.0,0.0,0.0,0.0,537.8,0.0,1768287.7999999993,2022436.5,1.0,100.0,0.0,0.1744186046511628,0.3546511627906977,0.47093023255813954,0,red,0.4476744186046512,0.28488372093023256,0.16279069767441862,0.10465116279069768
63651620566.0,0.0,537.8,1.0,94.0,24.0,23.0,538.0,0.0,45219.6,2018-04-18 13:42:46,2018.0,4.0,18.0,13.0,42.0,46.0,10.0,0.0,0.0,6.0,10.599999999998545,1720.0,0.0,0.0,0.1,0.0,537.8,0.0,1768825.5999999994,2022436.5,1.0,100.0,0.0,0.17341040462427745,0.3583815028901734,0.4682080924855491,0,red,0.4508670520231214,0.2832369942196532,0.16184971098265896,0.10404624277456648
63651620576.0,0.0,537.9,1.0,94.0,24.0,23.0,538.0,0.0,45219.6,2018-04-18 13:42:56,2018.0,4.0,18.0,13.0,42.0,56.0,10.0,0.0,0.0,6.0,10.599999999998545,1730.0,0.0,0.0,0.0,0.0,537.9,0.0,1769363.4999999993,2022436.5,1.0,100.0,0.0,0.1724137931034483,0.3620689655172414,0.46551724137931033,0,red,0.4540229885057471,0.28160919540229884,0.16091954022988506,0.10344827586206896
63651620586.0,0.0,537.9,1.0,94.0,24.0,23.0,538.0,0.0,45219.6,2018-04-18 13:43:06,2018.0,4.0,18.0,13.0,43.0,6.0,10.0,0.0,0.0,6.0,10.599999999998545,1740.0,0.0,0.0,0.1,0.0,537.9,0.0,1769901.3999999992,2022436.5,1.0,100.0,0.0,0.17142857142857143,0.3657142857142857,0.46285714285714286,0,red,0.45714285714285713,0.28,0.16,0.10285714285714286
63651620596.0,0.0,538.0,1.0,94.0,24.0,23.0,538.0,0.0,45219.6,2018-04-18 13:43:16,2018.0,4.0,18.0,13.0,43.0,16.0,10.0,0.0,0.0,6.0,10.599999999998545,1750.0,-1.0,30.0,-1.1,26.0,538.0,0.0,1770439.3999999992,2022436.5,1.0,100.0,0.0,0.17045454545454544,0.3693181818181818,0.4602272727272727,0,red,0.4602272727272727,0.2784090909090909,0.1590909090909091,0.10227272727272728
63651620606.0,6.0,536.9,27.0,94.0,24.0,23.0,537.0,30.0,45219.6,2018-04-18 13:43:26,2018.0,4.0,18.0,13.0,43.0,26.0,10.0,0.0,0.0,6.0,10.599999999998545,1760.0,-1.0,21.0,-0.2,17.0,14496.3,16110.0,1784935.6999999993,2038546.5,1.0,100.0,0.0,0.1694915254237288,0.3672316384180791,0.4632768361581921,0,red,0.4632768361581921,0.2768361581920904,0.15819209039548024,0.1016949152542373
63651620616.0,19.0,536.7,44.0,94.0,24.0,23.0,536.0,51.0,45219.6,2018-04-18 13:43:36,2018.0,4.0,18.0,13.0,43.0,36.0,10.0,0.0,0.1,6.0,10.599999999998545,1770.0,0.0,-27.0,-1.6,7.0,23614.800000000003,27336.0,1808550.4999999993,2065882.5,1.0,100.0,0.0,0.16853932584269662,0.3651685393258427,0.46629213483146065,1,black,0.4606741573033708,0.2808988764044944,0.15730337078651685,0.10112359550561797
63651620626.0,23.0,535.1,51.0,94.0,24.0,23.0,536.0,24.0,45219.7,2018-04-18 13:43:46,2018.0,4.0,18.0,13.0,43.0,46.0,10.0,0.0,0.0,6.0,10.69999999999709,1780.0,2.0,-24.0,3.0,-50.0,27290.100000000002,12864.0,1835840.5999999994,2078746.5,1.0,100.0,0.0,0.16759776536312848,0.36312849162011174,0.4692737430167598,1,black,0.4581005586592179,0.2849162011173184,0.1564245810055866,0.1005586592178771
63651620636.0,0.0,538.1,1.0,94.0,24.0,23.0,538.0,0.0,45219.7,2018-04-18 13:43:56,2018.0,4.0,18.0,13.0,43.0,56.0,10.0,0.0,0.0,6.0,10.69999999999709,1790.0,0.0,5.0,-0.4,6.0,538.1,0.0,1836378.6999999995,2078746.5,1.0,100.0,0.0,0.16666666666666666,0.36666666666666664,0.4666666666666667,0,red,0.46111111111111114,0.2833333333333333,0.15555555555555556,0.1
63651620646.0,3.0,537.7,7.0,94.0,24.0,23.0,538.0,5.0,45219.7,2018-04-18 13:44:06,2018.0,4.0,18.0,13.0,44.0,6.0,10.0,0.0,0.0,6.0,10.69999999999709,1800.0,1.0,-5.0,0.2,-6.0,3763.9000000000005,2690.0,1840142.5999999994,2081436.5,1.0,100.0,0.0,0.16574585635359115,0.36464088397790057,0.4696132596685083,0,red,0.46408839779005523,0.281767955801105,0.15469613259668508,0.09944751381215469
63651620656.0,0.0,537.9,1.0,94.0,24.0,23.0,539.0,0.0,45219.7,2018-04-18 13:44:16,2018.0,4.0,18.0,13.0,44.0,16.0,10.0,0.0,0.0,6.0,10.69999999999709,1810.0,-7.0,124.0,-5.4,129.0,537.9,0.0,1840680.4999999993,2081436.5,1.0,100.0,0.0,0.16483516483516483,0.36813186813186816,0.46703296703296704,3,orange,0.46153846153846156,0.2802197802197802,0.15384615384615385,0.1043956043956044
63651620666.0,18.0,532.5,130.0,94.0,24.0,23.0,532.0,124.0,45219.7,2018-04-18 13:44:26,2018.0,4.0,18.0,13.0,44.0,26.0,10.0,0.0,0.1,6.0,10.69999999999709,1820.0,6.0,-126.0,4.2,-129.0,69225.0,65968.0,1909905.4999999993,2147404.5,1.0,100.0,0.0,0.16393442622950818,0.366120218579235,0.46994535519125685,2,green,0.45901639344262296,0.2786885245901639,0.15846994535519127,0.10382513661202186
63651620676.0,27.0,536.7,1.0,94.0,24.0,23.0,538.0,-2.0,45219.8,2018-04-18 13:44:36,2018.0,4.0,18.0,13.0,44.0,36.0,10.0,0.0,0.1,6.0,10.80000000000291,1830.0,0.0,-1.0,0.5,-3.0,536.7,-1076.0,1910442.1999999993,2146866.5,1.0,100.0,0.0,0.16847826086956522,0.3641304347826087,0.4673913043478261,1,black,0.45652173913043476,0.2826086956521739,0.15760869565217392,0.10326086956521739
63651620686.0,28.0,537.2,-2.0,94.0,24.0,23.0,538.0,-3.0,45219.9,2018-04-18 13:44:46,2018.0,4.0,18.0,13.0,44.0,46.0,10.0,0.0,0.1,6.0,10.900000000001455,1840.0,-2.0,30.0,-0.9,18.0,-1074.4,-1614.0,1909904.9999999993,2146059.5,1.0,100.0,0.0,0.17297297297297298,0.3621621621621622,0.4648648648648649,1,black,0.4540540540540541,0.2864864864864865,0.15675675675675677,0.10270270270270271
63651620696.0,31.0,536.3,16.0,94.0,24.0,23.0,536.0,27.0,45220.0,2018-04-18 13:44:56,2018.0,4.0,18.0,13.0,44.0,56.0,10.0,0.0,0.1,6.0,11.0,1850.0,2.0,-34.0,1.0,-24.0,8580.8,14472.0,1918485.7999999993,2160531.5,1.0,100.0,0.0,0.17204301075268819,0.3602150537634409,0.46774193548387094,1,black,0.45161290322580644,0.2903225806451613,0.15591397849462366,0.10215053763440861
63651620706.0,31.0,537.3,-8.0,94.0,24.0,23.0,538.0,-7.0,45220.1,2018-04-18 13:45:06,2018.0,4.0,18.0,13.0,45.0,6.0,10.0,0.0,0.0,6.0,11.099999999998545,1860.0,-1.0,45.0,-0.1,52.0,-4298.4,-3766.0,1916336.5999999994,2158648.5,1.0,100.0,0.0,0.17647058823529413,0.3582887700534759,0.46524064171123,1,black,0.44919786096256686,0.29411764705882354,0.15508021390374332,0.10160427807486631
63651620716.0,12.0,537.2,44.0,94.0,24.0,23.0,537.0,38.0,45220.1,2018-04-18 13:45:16,2018.0,4.0,18.0,13.0,45.0,16.0,10.0,0.0,0.1,6.0,11.099999999998545,1870.0,2.0,-38.0,1.0,-42.0,23636.800000000003,20406.0,1939973.3999999994,2179054.5,1.0,100.0,0.0,0.17553191489361702,0.35638297872340424,0.46808510638297873,0,red,0.4521276595744681,0.2925531914893617,0.15425531914893617,0.10106382978723404
63651620726.0,0.0,538.2,2.0,94.0,24.0,23.0,539.0,0.0,45220.2,2018-04-18 13:45:26,2018.0,4.0,18.0,13.0,45.0,26.0,10.0,0.0,0.0,6.0,11.19999999999709,1880.0,-2.0,25.0,-1.8,43.0,1076.4,0.0,1941049.7999999993,2179054.5,1.0,100.0,0.0,0.1746031746031746,0.35978835978835977,0.4656084656084656,0,red,0.455026455026455,0.291005291005291,0.15343915343915343,0.10052910052910052
63651620736.0,10.0,536.4,45.0,94.0,24.0,23.0,537.0,25.0,45220.2,2018-04-18 13:45:36,2018.0,4.0,18.0,13.0,45.0,36.0,10.0,0.0,0.0,6.0,11.19999999999709,1890.0,-5.0,100.0,-2.5,40.0,24138.0,13425.0,1965187.7999999993,2192479.5,1.0,100.0,0.0,0.1736842105263158,0.35789473684210527,0.46842105263157896,0,red,0.45789473684210524,0.2894736842105263,0.15263157894736842,0.1
63651620746.0,23.0,533.9,85.0,94.0,24.0,23.0,532.0,125.0,45220.2,2018-04-18 13:45:46,2018.0,4.0,18.0,13.0,45.0,46.0,10.0,0.0,0.1,6.0,11.19999999999709,1900.0,-3.0,41.0,-3.8,66.0,45381.5,66500.0,2010569.2999999993,2258979.5,1.0,100.0,0.0,0.17277486910994763,0.35602094240837695,0.4712041884816754,2,green,0.45549738219895286,0.2879581151832461,0.15706806282722513,0.09947643979057591
63651620756.0,36.0,530.1,151.0,94.0,24.0,23.0,529.0,166.0,45220.3,2018-04-18 13:45:56,2018.0,4.0,18.0,13.0,45.0,56.0,10.0,0.0,0.1,6.0,11.30000000000291,1910.0,8.0,-176.0,6.7,-164.0,80045.1,87814.0,2090614.3999999994,2346793.5,1.0,100.0,0.0,0.171875,0.3541666666666667,0.4739583333333333,2,green,0.453125,0.2864583333333333,0.16145833333333334,0.09895833333333333
63651620766.0,40.0,536.8,-13.0,94.0,24.0,23.0,537.0,-10.0,45220.4,2018-04-18 13:46:06,2018.0,4.0,18.0,13.0,46.0,6.0,10.0,0.0,0.1,6.0,11.400000000001455,1920.0,2.0,2.0,3.7,-25.0,-6978.4,-5370.0,2087125.1999999995,2344108.5,1.0,100.0,0.0,0.17616580310880828,0.35233160621761656,0.47150259067357514,1,black,0.45077720207253885,0.29015544041450775,0.16062176165803108,0.09844559585492228
63651620776.0,31.0,540.5,-38.0,94.0,24.0,23.0,539.0,-8.0,45220.5,2018-04-18 13:46:16,2018.0,4.0,18.0,13.0,46.0,16.0,10.0,0.0,0.0,6.0,11.5,1930.0,-1.0,8.0,-2.7,39.0,-20539.0,-4312.0,2076855.6999999995,2341952.5,1.0,100.0,0.0,0.18041237113402062,0.35051546391752575,0.4690721649484536,1,black,0.4484536082474227,0.29381443298969073,0.15979381443298968,0.0979381443298969
63651620786.0,0.0,537.8,1.0,94.0,24.0,23.0,538.0,0.0,45220.5,2018-04-18 13:46:26,2018.0,4.0,18.0,13.0,46.0,26.0,10.0,0.0,0.0,6.0,11.5,1940.0,-4.0,73.0,-4.1,77.0,537.8,0.0,2077393.4999999995,2341952.5,1.0,100.0,0.0,0.1794871794871795,0.35384615384615387,0.4666666666666667,0,red,0.4512820512820513,0.2923076923076923,0.15897435897435896,0.09743589743589744
63651620796.0,23.0,533.7,78.0,94.0,24.0,23.0,534.0,73.0,45220.5,2018-04-18 13:46:36,2018.0,4.0,18.0,13.0,46.0,36.0,10.0,0.0,0.1,6.0,11.5,1950.0,2.0,-27.0,3.0,-50.0,41628.600000000006,38982.0,2119022.0999999996,2380934.5,1.0,100.0,0.0,0.17857142857142858,0.3520408163265306,0.46938775510204084,2,green,0.4489795918367347,0.29081632653061223,0.16326530612244897,0.09693877551020408
63651620806.0,15.0,536.7,28.0,94.0,24.0,23.0,536.0,46.0,45220.6,2018-04-18 13:46:46,2018.0,4.0,18.0,13.0,46.0,46.0,10.0,-1.0,0.1,7.0,11.599999999998545,1960.0,-1.0,1.0,-2.2,24.0,15027.600000000002,24656.0,2134049.6999999997,2405590.5,1.0,100.0,0.0,0.17766497461928935,0.350253807106599,0.4720812182741117,0,red,0.4517766497461929,0.2893401015228426,0.16243654822335024,0.09644670050761421
63651620816.0,28.0,534.5,52.0,93.0,24.0,23.0,535.0,47.0,45220.7,2018-04-18 13:46:56,2018.0,4.0,18.0,13.0,46.0,56.0,10.0,0.0,0.0,7.0,11.69999999999709,1970.0,-1.0,12.0,0.9,-36.0,27794.0,25145.0,2161843.6999999997,2430735.5,1.0,100.0,0.0,0.17676767676767677,0.3484848484848485,0.47474747474747475,1,black,0.4494949494949495,0.29292929292929293,0.16161616161616163,0.09595959595959595
63651620826.0,36.0,535.4,16.0,93.0,24.0,23.0,534.0,59.0,45220.7,2018-04-18 13:47:06,2018.0,4.0,18.0,13.0,47.0,6.0,10.0,0.0,0.1,7.0,11.69999999999709,1980.0,4.0,-59.0,4.2,-29.0,8566.4,31506.0,2170410.0999999996,2462241.5,1.0,100.0,0.0,0.17587939698492464,0.34673366834170855,0.47738693467336685,2,green,0.4472361809045226,0.2914572864321608,0.1658291457286432,0.09547738693467336
63651620836.0,23.0,539.6,-13.0,93.0,24.0,23.0,538.0,0.0,45220.8,2018-04-18 13:47:16,2018.0,4.0,18.0,13.0,47.0,16.0,10.0,0.0,0.1,7.0,11.80000000000291,1990.0,-5.0,60.0,-6.6,71.0,-7014.8,0.0,2166902.6999999997,2462241.5,1.0,100.0,0.0,0.175,0.35,0.475,0,red,0.45,0.29,0.165,0.095
63651620846.0,41.0,533.0,58.0,93.0,24.0,23.0,533.0,60.0,45220.9,2018-04-18 13:47:26,2018.0,4.0,18.0,13.0,47.0,26.0,10.0,0.0,0.1,7.0,11.900000000001455,2000.0,3.0,-60.0,2.1,-59.0,30914.0,31980.0,2197816.6999999997,2494221.5,1.0,100.0,0.0,0.17412935323383086,0.3482587064676617,0.47761194029850745,2,green,0.44776119402985076,0.2885572139303483,0.1691542288557214,0.0945273631840796
63651620856.0,49.0,535.1,-1.0,93.0,24.0,23.0,536.0,0.0,45221.0,2018-04-18 13:47:36,2018.0,4.0,18.0,13.0,47.0,36.0,10.0,0.0,0.2,7.0,12.0,2010.0,7.0,-130.0,7.2,-120.0,-535.1,0.0,2197549.15,2494221.5,1.0,100.0,0.0,0.17326732673267325,0.35148514851485146,0.4752475247524752,1,black,0.44554455445544555,0.29207920792079206,0.16831683168316833,0.09405940594059406
63651620866.0,35.0,542.3,-121.0,93.0,24.0,23.0,543.0,-130.0,45221.2,2018-04-18 13:47:46,2018.0,4.0,18.0,13.0,47.0,46.0,10.0,0.0,0.0,7.0,12.19999999999709,2020.0,-4.0,130.0,-4.2,122.0,-65618.29999999999,-70590.0,2164740.0,2458926.5,1.0,100.0,0.0,0.17733990147783252,0.3497536945812808,0.4729064039408867,3,orange,0.4433497536945813,0.29064039408866993,0.16748768472906403,0.09852216748768473
63651620876.0,0.0,538.1,1.0,93.0,24.0,23.0,539.0,0.0,45221.2,2018-04-18 13:47:56,2018.0,4.0,18.0,13.0,47.0,56.0,10.0,0.0,0.0,7.0,12.19999999999709,2030.0,-1.0,0.0,-0.3,0.0,538.1,0.0,2165278.1,2458926.5,1.0,100.0,0.0,0.17647058823529413,0.35294117647058826,0.47058823529411764,0,red,0.44607843137254904,0.28921568627450983,0.16666666666666666,0.09803921568627451
63651620886.0,0.0,537.8,1.0,93.0,24.0,23.0,538.0,0.0,45221.2,2018-04-18 13:48:06,2018.0,4.0,18.0,13.0,48.0,6.0,10.0,0.0,0.0,7.0,12.19999999999709,2040.0,0.0,0.0,0.0,0.0,537.8,0.0,2165815.9,2458926.5,1.0,100.0,0.0,0.17560975609756097,0.35609756097560974,0.4682926829268293,0,red,0.44878048780487806,0.28780487804878047,0.16585365853658537,0.0975609756097561
63651620896.0,0.0,537.8,1.0,93.0,24.0,23.0,538.0,0.0,45221.2,2018-04-18 13:48:16,2018.0,4.0,18.0,13.0,48.0,16.0,10.0,0.0,0.0,7.0,12.19999999999709,2050.0,0.0,0.0,0.0,0.0,537.8,0.0,2166353.6999999997,2458926.5,1.0,100.0,0.0,0.17475728155339806,0.3592233009708738,0.46601941747572817,0,red,0.45145631067961167,0.28640776699029125,0.1650485436893204,0.0970873786407767
63651620906.0,0.0,537.8,1.0,93.0,24.0,23.0,538.0,0.0,45221.2,2018-04-18 13:48:26,2018.0,4.0,18.0,13.0,48.0,26.0,10.0,0.0,0.0,7.0,12.19999999999709,2060.0,0.0,0.0,0.0,0.0,537.8,0.0,2166891.4999999995,2458926.5,1.0,100.0,0.0,0.17391304347826086,0.36231884057971014,0.463768115942029,0,red,0.45410628019323673,0.28502415458937197,0.1642512077294686,0.0966183574879227
63651620916.0,0.0,537.8,1.0,93.0,24.0,23.0,538.0,0.0,45221.2,2018-04-18 13:48:36,2018.0,4.0,18.0,13.0,48.0,36.0,10.0,0.0,0.0,7.0,12.19999999999709,2070.0,0.0,0.0,0.0,0.0,537.8,0.0,2167429.2999999993,2458926.5,1.0,100.0,0.0,0.17307692307692307,0.36538461538461536,0.46153846153846156,0,red,0.4567307692307692,0.28365384615384615,0.16346153846153846,0.09615384615384616
63651620926.0,0.0,537.8,1.0,93.0,24.0,23.0,538.0,0.0,45221.2,2018-04-18 13:48:46,2018.0,4.0,18.0,13.0,48.0,46.0,10.0,0.0,0.0,7.0,12.19999999999709,2080.0,1.0,0.0,0.1,0.0,537.8,0.0,2167967.099999999,2458926.5,1.0,100.0,0.0,0.1722488038277512,0.3684210526315789,0.45933014354066987,0,red,0.45933014354066987,0.2822966507177033,0.16267942583732056,0.09569377990430622
63651620936.0,0.0,537.9,1.0,93.0,24.0,23.0,539.0,0.0,45221.2,2018-04-18 13:48:56,2018.0,4.0,18.0,13.0,48.0,56.0,10.0,0.0,0.1,7.0,12.19999999999709,2090.0,-1.0,0.0,-0.4,1.0,537.9,0.0,2168504.999999999,2458926.5,1.0,100.0,0.0,0.17142857142857143,0.37142857142857144,0.45714285714285713,0,red,0.46190476190476193,0.28095238095238095,0.1619047619047619,0.09523809523809523
63651620946.0,14.0,537.5,2.0,93.0,24.0,23.0,538.0,0.0,45221.3,2018-04-18 13:49:06,2018.0,4.0,18.0,13.0,49.0,6.0,10.0,0.0,0.0,7.0,12.30000000000291,2100.0,-13.0,257.0,-11.8,225.0,1075.0,0.0,2169579.999999999,2458926.5,1.0,100.0,0.0,0.17061611374407584,0.3744075829383886,0.4549763033175355,3,orange,0.4597156398104265,0.2796208530805687,0.16113744075829384,0.0995260663507109
63651620956.0,46.0,525.7,227.0,93.0,24.0,23.0,525.0,257.0,45221.3,2018-04-18 13:49:16,2018.0,4.0,18.0,13.0,49.0,16.0,10.0,0.0,0.1,7.0,12.30000000000291,2110.0,17.0,-344.0,11.6,-229.0,119333.90000000001,134925.0,2288913.899999999,2593851.5,1.0,100.0,0.0,0.16981132075471697,0.37264150943396224,0.45754716981132076,2,green,0.45754716981132076,0.2783018867924528,0.1650943396226415,0.09905660377358491
63651620966.0,24.0,537.3,-2.0,93.0,24.0,23.0,542.0,-87.0,45221.4,2018-04-18 13:49:26,2018.0,4.0,18.0,13.0,49.0,26.0,10.0,0.0,0.1,7.0,12.400000000001455,2120.0,-4.0,88.0,0.4,6.0,-1074.6,-47154.0,2288376.599999999,2570274.5,1.0,100.0,0.0,0.17370892018779344,0.37089201877934275,0.45539906103286387,3,orange,0.45539906103286387,0.27699530516431925,0.1643192488262911,0.10328638497652583
63651620976.0,3.0,537.7,4.0,93.0,24.0,23.0,538.0,1.0,45221.5,2018-04-18 13:49:36,2018.0,4.0,18.0,13.0,49.0,36.0,10.0,0.0,0.0,7.0,12.5,2130.0,0.0,-1.0,0.1,-2.0,2150.8,538.0,2290527.399999999,2570812.5,1.0,100.0,0.0,0.17289719626168223,0.3691588785046729,0.45794392523364486,0,red,0.45794392523364486,0.2757009345794392,0.16355140186915887,0.102803738317757
63651620986.0,1.0,537.8,2.0,93.0,24.0,23.0,538.0,0.0,45221.5,2018-04-18 13:49:46,2018.0,4.0,18.0,13.0,49.0,46.0,10.0,0.0,0.0,7.0,12.5,2140.0,-2.0,38.0,-0.8,21.0,1075.6,0.0,2291602.999999999,2570812.5,1.0,100.0,0.0,0.17209302325581396,0.37209302325581395,0.4558139534883721,0,red,0.4604651162790698,0.2744186046511628,0.16279069767441862,0.10232558139534884
63651620996.0,5.0,537.0,23.0,93.0,24.0,23.0,536.0,38.0,45221.5,2018-04-18 13:49:56,2018.0,4.0,18.0,13.0,49.0,56.0,10.0,-1.0,0.0,8.0,12.5,2150.0,-1.0,-37.0,-3.3,-42.0,12351.0,20368.0,2303953.999999999,2591180.5,1.0,100.0,0.0,0.1712962962962963,0.37037037037037035,0.4583333333333333,0,red,0.46296296296296297,0.27314814814814814,0.16203703703703703,0.10185185185185185
63651621006.0,50.0,533.7,-19.0,92.0,24.0,23.0,535.0,1.0,45221.5,2018-04-18 13:50:06,2018.0,4.0,18.0,13.0,50.0,6.0,10.0,0.0,0.2,8.0,12.5,2160.0,1.0,5.0,-0.1,25.0,-10140.300000000001,535.0,2298883.849999999,2591715.5,1.0,100.0,0.0,0.17050691244239632,0.3686635944700461,0.4608294930875576,1,black,0.4608294930875576,0.2764976958525346,0.16129032258064516,0.10138248847926268
63651621016.0,51.0,533.6,6.0,92.0,24.0,23.0,536.0,6.0,45221.7,2018-04-18 13:50:16,2018.0,4.0,18.0,13.0,50.0,16.0,10.0,0.0,0.1,8.0,12.69999999999709,2170.0,7.0,-139.0,2.3,-23.0,3201.6000000000004,3216.0,2302085.4499999993,2594931.5,1.0,100.0,0.0,0.16972477064220184,0.3669724770642202,0.463302752293578,2,green,0.45871559633027525,0.27522935779816515,0.1651376146788991,0.10091743119266056
63651621026.0,47.0,535.9,-17.0,92.0,24.0,23.0,543.0,-133.0,45221.8,2018-04-18 13:50:26,2018.0,4.0,18.0,13.0,50.0,26.0,10.0,0.0,0.1,8.0,12.80000000000291,2180.0,-10.0,206.0,-3.8,96.0,-9110.3,-72219.0,2297530.2999999993,2558822.0,1.0,100.0,0.0,0.1735159817351598,0.365296803652968,0.4611872146118721,3,orange,0.45662100456621,0.273972602739726,0.1643835616438356,0.1050228310502283
63651621036.0,41.0,532.1,79.0,92.0,24.0,23.0,533.0,73.0,45221.9,2018-04-18 13:50:36,2018.0,4.0,18.0,13.0,50.0,36.0,10.0,0.0,0.1,8.0,12.900000000001455,2190.0,9.0,-141.0,8.8,-149.0,42035.9,38909.0,2339566.1999999993,2597731.0,1.0,100.0,0.0,0.17272727272727273,0.36363636363636365,0.4636363636363636,2,green,0.45454545454545453,0.2727272727272727,0.16818181818181818,0.10454545454545454
63651621046.0,19.0,540.9,-70.0,92.0,24.0,23.0,542.0,-68.0,45222.0,2018-04-18 13:50:46,2018.0,4.0,18.0,13.0,50.0,46.0,10.0,0.0,0.0,8.0,13.0,2200.0,-4.0,68.0,-3.2,72.0,-37863.0,-36856.0,2320634.6999999993,2579303.0,1.0,100.0,0.0,0.17647058823529413,0.36199095022624433,0.46153846153846156,3,orange,0.45248868778280543,0.27149321266968324,0.167420814479638,0.1085972850678733
63651621056.0,1.0,537.7,2.0,92.0,24.0,23.0,538.0,0.0,45222.0,2018-04-18 13:50:56,2018.0,4.0,18.0,13.0,50.0,56.0,10.0,0.0,0.0,8.0,13.0,2210.0,1.0,-30.0,-0.4,-4.0,1075.4,0.0,2321710.099999999,2579303.0,1.0,100.0,0.0,0.17567567567567569,0.36486486486486486,0.4594594594594595,0,red,0.45495495495495497,0.2702702702702703,0.16666666666666666,0.10810810810810811
63651621066.0,10.0,537.3,-2.0,92.0,24.0,23.0,539.0,-30.0,45222.0,2018-04-18 13:51:06,2018.0,4.0,18.0,13.0,51.0,6.0,10.0,0.0,0.0,8.0,13.0,2220.0,-4.0,90.0,-1.9,56.0,-1074.6,-16170.0,2321172.7999999993,2571218.0,1.0,100.0,0.0,0.17937219730941703,0.3632286995515695,0.45739910313901344,3,orange,0.452914798206278,0.26905829596412556,0.16591928251121077,0.11210762331838565
63651621076.0,12.0,535.4,54.0,92.0,24.0,23.0,535.0,60.0,45222.0,2018-04-18 13:51:16,2018.0,4.0,18.0,13.0,51.0,16.0,10.0,0.0,0.1,8.0,13.0,2230.0,-6.0,92.0,-5.6,74.0,28911.6,32100.0,2350084.3999999994,2603318.0,1.0,100.0,0.0,0.17857142857142858,0.36160714285714285,0.45982142857142855,0,red,0.45535714285714285,0.26785714285714285,0.16517857142857142,0.11160714285714286
63651621086.0,44.0,529.8,128.0,92.0,24.0,23.0,529.0,152.0,45222.1,2018-04-18 13:51:26,2018.0,4.0,18.0,13.0,51.0,26.0,10.0,0.0,0.1,8.0,13.099999999998545,2240.0,8.0,-157.0,6.5,-141.0,67814.4,80408.0,2417898.7999999993,2683726.0,1.0,100.0,0.0,0.17777777777777778,0.36,0.4622222222222222,2,green,0.4533333333333333,0.26666666666666666,0.1688888888888889,0.1111111111111111
63651621096.0,45.0,536.3,-13.0,92.0,24.0,23.0,537.0,-5.0,45222.2,2018-04-18 13:51:36,2018.0,4.0,18.0,13.0,51.0,36.0,10.0,0.0,0.1,8.0,13.19999999999709,2250.0,4.0,-41.0,4.4,-39.0,-6971.9,-2685.0,2414412.849999999,2682383.5,1.0,100.0,0.0,0.18141592920353983,0.3584070796460177,0.46017699115044247,1,black,0.45132743362831856,0.26991150442477874,0.168141592920354,0.11061946902654868
63651621106.0,14.0,540.7,-52.0,92.0,24.0,23.0,541.0,-46.0,45222.3,2018-04-18 13:51:46,2018.0,4.0,18.0,13.0,51.0,46.0,10.0,0.0,0.0,8.0,13.30000000000291,2260.0,-3.0,46.0,-3.1,66.0,-28116.4,-24886.0,2400354.649999999,2669940.5,1.0,100.0,0.0,0.18502202643171806,0.3568281938325991,0.4581497797356828,3,orange,0.44933920704845814,0.2687224669603524,0.16740088105726872,0.1145374449339207
63651621116.0,0.0,537.6,14.0,92.0,24.0,23.0,538.0,0.0,45222.3,2018-04-18 13:51:56,2018.0,4.0,18.0,13.0,51.0,56.0,10.0,0.0,0.0,8.0,13.30000000000291,2270.0,-1.0,9.0,-0.3,7.0,7526.400000000001,0.0,2407881.049999999,2669940.5,1.0,100.0,0.0,0.18421052631578946,0.35964912280701755,0.45614035087719296,0,red,0.4517543859649123,0.2675438596491228,0.16666666666666666,0.11403508771929824
63651621126.0,1.0,537.3,21.0,92.0,24.0,23.0,537.0,9.0,45222.3,2018-04-18 13:52:06,2018.0,4.0,18.0,13.0,52.0,6.0,10.0,0.0,0.1,8.0,13.30000000000291,2280.0,0.0,-9.0,-0.5,-14.0,11283.3,4833.0,2419164.3499999987,2674773.5,1.0,100.0,0.0,0.18340611353711792,0.35807860262008734,0.4585152838427948,0,red,0.45414847161572053,0.2663755458515284,0.16593886462882096,0.11353711790393013
63651621136.0,21.0,536.8,7.0,92.0,24.0,23.0,537.0,0.0,45222.4,2018-04-18 13:52:16,2018.0,4.0,18.0,13.0,52.0,16.0,10.0,0.0,0.1,8.0,13.400000000001455,2290.0,-1.0,-7.0,-1.4,-22.0,3757.5999999999995,0.0,2422921.949999999,2674773.5,1.0,100.0,0.0,0.1826086956521739,0.36086956521739133,0.45652173913043476,0,red,0.45652173913043476,0.26521739130434785,0.16521739130434782,0.11304347826086956
63651621146.0,42.0,535.4,-15.0,92.0,24.0,23.0,536.0,-7.0,45222.5,2018-04-18 13:52:26,2018.0,4.0,18.0,13.0,52.0,26.0,10.0,0.0,0.1,8.0,13.5,2300.0,1.0,52.0,3.2,11.0,-8031.0,-3752.0,2418906.449999999,2672897.5,1.0,100.0,0.0,0.18614718614718614,0.3593073593073593,0.45454545454545453,1,black,0.45454545454545453,0.2683982683982684,0.1645021645021645,0.11255411255411256
63651621156.0,14.0,538.6,-4.0,92.0,24.0,23.0,537.0,45.0,45222.6,2018-04-18 13:52:36,2018.0,4.0,18.0,13.0,52.0,36.0,10.0,0.0,0.0,8.0,13.599999999998545,2310.0,1.0,-37.0,-1.3,9.0,-2154.4,24165.0,2417829.2499999986,2697062.5,1.0,100.0,0.0,0.1853448275862069,0.3577586206896552,0.45689655172413796,0,red,0.45689655172413796,0.2672413793103448,0.16379310344827586,0.11206896551724138
63651621166.0,1.0,537.3,5.0,92.0,24.0,23.0,538.0,8.0,45222.6,2018-04-18 13:52:46,2018.0,4.0,18.0,13.0,52.0,46.0,10.0,0.0,0.0,8.0,13.599999999998545,2320.0,-6.0,76.0,-5.6,77.0,2686.5,4304.0,2420515.7499999986,2701366.5,1.0,100.0,0.0,0.18454935622317598,0.3562231759656652,0.4592274678111588,0,red,0.4592274678111588,0.26609442060085836,0.1630901287553648,0.11158798283261803
63651621176.0,38.0,531.7,82.0,92.0,24.0,23.0,532.0,84.0,45222.6,2018-04-18 13:52:56,2018.0,4.0,18.0,13.0,52.0,56.0,10.0,0.0,0.1,8.0,13.599999999998545,2330.0,10.0,-187.0,9.5,-201.0,43599.4,44688.0,2464115.1499999985,2746054.5,1.0,100.0,0.0,0.18376068376068377,0.3547008547008547,0.46153846153846156,2,green,0.45726495726495725,0.26495726495726496,0.16666666666666666,0.1111111111111111
63651621186.0,28.0,541.2,-119.0,92.0,24.0,23.0,542.0,-103.0,45222.7,2018-04-18 13:53:06,2018.0,4.0,18.0,13.0,53.0,6.0,10.0,0.0,0.1,8.0,13.69999999999709,2340.0,-4.0,103.0,-3.5,120.0,-64402.8,-55826.0,2431913.7499999986,2718141.5,1.0,100.0,0.0,0.18723404255319148,0.35319148936170214,0.4595744680851064,3,orange,0.4553191489361702,0.26382978723404255,0.16595744680851063,0.1148936170212766
63651621196.0,0.0,537.7,1.0,92.0,24.0,23.0,538.0,0.0,45222.8,2018-04-18 13:53:16,2018.0,4.0,18.0,13.0,53.0,16.0,10.0,0.0,0.0,8.0,13.80000000000291,2350.0,0.0,0.0,-0.1,0.0,537.7,0.0,2432451.449999999,2718141.5,1.0,100.0,0.0,0.1864406779661017,0.3559322033898305,0.4576271186440678,0,red,0.4576271186440678,0.2627118644067797,0.1652542372881356,0.11440677966101695
63651621206.0,0.0,537.6,1.0,92.0,24.0,23.0,538.0,0.0,45222.8,2018-04-18 13:53:26,2018.0,4.0,18.0,13.0,53.0,26.0,10.0,0.0,0.0,8.0,13.80000000000291,2360.0,0.0,0.0,0.1,0.0,537.6,0.0,2432989.049999999,2718141.5,1.0,100.0,0.0,0.18565400843881857,0.35864978902953587,0.45569620253164556,0,red,0.459915611814346,0.2616033755274262,0.16455696202531644,0.11392405063291139
63651621216.0,0.0,537.7,1.0,92.0,24.0,23.0,538.0,0.0,45222.8,2018-04-18 13:53:36,2018.0,4.0,18.0,13.0,53.0,36.0,10.0,0.0,0.0,8.0,13.80000000000291,2370.0,0.0,0.0,0.1,0.0,537.7,0.0,2433526.749999999,2718141.5,1.0,100.0,0.0,0.18487394957983194,0.36134453781512604,0.453781512605042,0,red,0.46218487394957986,0.2605042016806723,0.1638655462184874,0.1134453781512605
63651621226.0,0.0,537.8,1.0,92.0,24.0,23.0,538.0,0.0,45222.8,2018-04-18 13:53:46,2018.0,4.0,18.0,13.0,53.0,46.0,10.0,0.0,0.0,8.0,13.80000000000291,2380.0,-1.0,31.0,-0.6,17.0,537.8,0.0,2434064.549999999,2718141.5,1.0,100.0,0.0,0.18410041841004185,0.36401673640167365,0.45188284518828453,0,red,0.46443514644351463,0.2594142259414226,0.16317991631799164,0.11297071129707113
63651621236.0,4.0,537.2,18.0,92.0,24.0,23.0,537.0,31.0,45222.8,2018-04-18 13:53:56,2018.0,4.0,18.0,13.0,53.0,56.0,10.0,0.0,0.0,8.0,13.80000000000291,2390.0,-10.0,188.0,-8.2,144.0,9669.6,16647.0,2443734.149999999,2734788.5,1.0,100.0,0.0,0.18333333333333332,0.3625,0.45416666666666666,3,orange,0.4625,0.25833333333333336,0.1625,0.11666666666666667
63651621246.0,38.0,529.0,162.0,92.0,24.0,23.0,527.0,219.0,45222.8,2018-04-18 13:54:06,2018.0,4.0,18.0,13.0,54.0,6.0,10.0,0.0,0.1,8.0,13.80000000000291,2400.0,15.0,-298.0,12.3,-256.0,85698.0,115413.0,2529432.149999999,2850201.5,1.0,100.0,0.0,0.1825726141078838,0.36099585062240663,0.45643153526970953,2,green,0.4605809128630705,0.2572614107883817,0.16597510373443983,0.11618257261410789
63651621256.0,22.0,541.3,-94.0,92.0,24.0,23.0,542.0,-79.0,45222.9,2018-04-18 13:54:16,2018.0,4.0,18.0,13.0,54.0,16.0,10.0,0.0,0.1,8.0,13.900000000001455,2410.0,-11.0,235.0,-8.4,215.0,-50882.2,-42818.0,2503991.049999999,2828792.5,1.0,100.0,0.0,0.1859504132231405,0.359504132231405,0.45454545454545453,3,orange,0.45867768595041325,0.256198347107438,0.1652892561983471,0.11983471074380166
63651621266.0,15.0,532.9,121.0,92.0,24.0,23.0,531.0,156.0,45223.0,2018-04-18 13:54:26,2018.0,4.0,18.0,13.0,54.0,26.0,10.0,0.0,0.1,8.0,14.0,2420.0,-7.0,105.0,-7.3,99.0,64480.899999999994,82836.0,2568471.949999999,2911628.5,1.0,100.0,0.0,0.18518518518518517,0.35802469135802467,0.4567901234567901,2,green,0.4567901234567901,0.2551440329218107,0.16872427983539096,0.11934156378600823
63651621276.0,50.0,525.6,220.0,92.0,24.0,23.0,524.0,261.0,45223.1,2018-04-18 13:54:36,2018.0,4.0,18.0,13.0,54.0,36.0,10.0,0.0,0.1,8.0,14.099999999998545,2430.0,13.0,-265.0,10.6,-234.0,115632.0,136764.0,2684103.949999999,3048392.5,1.0,100.0,0.0,0.18442622950819673,0.35655737704918034,0.45901639344262296,2,green,0.45491803278688525,0.2540983606557377,0.1721311475409836,0.11885245901639344
63651621286.0,45.0,536.2,-14.0,92.0,24.0,23.0,537.0,-4.0,45223.2,2018-04-18 13:54:46,2018.0,4.0,18.0,13.0,54.0,46.0,10.0,0.0,0.1,8.0,14.19999999999709,2440.0,2.0,4.0,3.8,-33.0,-7506.800000000001,-2148.0,2680350.549999999,3047318.5,1.0,100.0,0.0,0.18775510204081633,0.3551020408163265,0.45714285714285713,1,black,0.4530612244897959,0.2571428571428571,0.17142857142857143,0.11836734693877551
63651621296.0,14.0,540.0,-47.0,92.0,25.0,23.0,539.0,0.0,45223.3,2018-04-18 13:54:56,2018.0,4.0,18.0,13.0,54.0,56.0,10.0,0.0,0.0,8.0,14.30000000000291,2450.0,-4.0,60.0,-4.7,97.0,-25380.0,0.0,2667660.549999999,3047318.5,2.0,100.0,0.0,0.18699186991869918,0.35772357723577236,0.45528455284552843,0,red,0.45528455284552843,0.25609756097560976,0.17073170731707318,0.11788617886178862
63651621306.0,17.0,535.3,50.0,92.0,25.0,23.0,535.0,60.0,45223.3,2018-04-18 13:55:06,2018.0,4.0,18.0,13.0,55.0,6.0,10.0,0.0,0.1,8.0,14.30000000000291,2460.0,-2.0,-2.0,-2.9,21.0,26764.999999999996,32100.0,2694425.549999999,3079418.5,2.0,100.0,0.0,0.1862348178137652,0.3562753036437247,0.4574898785425101,1,black,0.4534412955465587,0.2591093117408907,0.1700404858299595,0.11740890688259109
63651621316.0,41.0,532.4,71.0,92.0,24.0,23.0,533.0,58.0,45223.4,2018-04-18 13:55:16,2018.0,4.0,18.0,13.0,55.0,16.0,10.0,0.0,0.1,8.0,14.400000000001455,2470.0,-4.0,100.0,-2.9,66.0,37800.4,30914.0,2732225.949999999,3110332.5,1.0,100.0,0.0,0.18548387096774194,0.3548387096774194,0.4596774193548387,1,black,0.45161290322580644,0.2620967741935484,0.1693548387096774,0.11693548387096774
63651621326.0,45.0,529.5,137.0,92.0,25.0,23.0,529.0,158.0,45223.5,2018-04-18 13:55:26,2018.0,4.0,18.0,13.0,55.0,26.0,10.0,0.0,0.1,8.0,14.5,2480.0,6.0,-127.0,5.1,-114.0,72541.5,83582.0,2804767.449999999,3193914.5,2.0,100.0,0.0,0.18473895582329317,0.3534136546184739,0.46184738955823296,2,green,0.4497991967871486,0.26104417670682734,0.17269076305220885,0.11646586345381527
63651621336.0,46.0,534.6,23.0,92.0,25.0,23.0,535.0,31.0,45223.6,2018-04-18 13:55:36,2018.0,4.0,18.0,13.0,55.0,36.0,10.0,0.0,0.1,8.0,14.599999999998545,2490.0,6.0,-93.0,2.9,-33.0,12295.800000000001,16585.0,2817063.2499999986,3210499.5,2.0,100.0,0.0,0.184,0.352,0.464,2,green,0.448,0.26,0.176,0.116
63651621346.0,33.0,537.5,-10.0,92.0,25.0,23.0,541.0,-62.0,45223.7,2018-04-18 13:55:46,2018.0,4.0,18.0,13.0,55.0,46.0,10.0,0.0,0.1,8.0,14.69999999999709,2500.0,-3.0,57.0,-1.4,14.0,-5375.0,-33542.0,2814375.7499999986,3193728.5,2.0,100.0,0.0,0.18725099601593626,0.350597609561753,0.46215139442231074,3,orange,0.44621513944223107,0.2589641434262948,0.1752988047808765,0.11952191235059761
63651621356.0,29.0,536.1,4.0,92.0,25.0,23.0,538.0,-5.0,45223.8,2018-04-18 13:55:56,2018.0,4.0,18.0,13.0,55.0,56.0,10.0,0.0,0.1,8.0,14.80000000000291,2510.0,2.0,-23.0,1.9,-4.0,2144.4,-2690.0,2816520.1499999985,3192383.5,2.0,100.0,0.0,0.19047619047619047,0.3492063492063492,0.4603174603174603,1,black,0.4444444444444444,0.2619047619047619,0.1746031746031746,0.11904761904761904
63651621366.0,15.0,538.0,0.0,92.0,25.0,23.0,540.0,-28.0,45223.9,2018-04-18 13:56:06,2018.0,4.0,18.0,13.0,56.0,6.0,10.0,0.0,0.0,8.0,14.900000000001455,2520.0,0.0,-25.0,1.3,-54.0,0.0,-15120.0,2816520.1499999985,3184823.5,2.0,100.0,0.0,0.19367588932806323,0.34782608695652173,0.45849802371541504,0,red,0.44664031620553357,0.2608695652173913,0.17391304347826086,0.11857707509881422
63651621376.0,15.0,539.3,-54.0,92.0,25.0,23.0,540.0,-53.0,45223.9,2018-04-18 13:56:16,2018.0,4.0,18.0,13.0,56.0,16.0,10.0,0.0,0.1,8.0,14.900000000001455,2530.0,-2.0,66.0,-2.7,83.0,-29122.199999999997,-28620.0,2801959.0499999984,3170513.5,2.0,100.0,0.0,0.1968503937007874,0.3464566929133858,0.4566929133858268,3,orange,0.4448818897637795,0.25984251968503935,0.1732283464566929,0.1220472440944882
63651621386.0,6.0,536.6,29.0,92.0,24.0,23.0,538.0,13.0,45224.0,2018-04-18 13:56:26,2018.0,4.0,18.0,13.0,56.0,26.0,10.0,0.0,0.0,8.0,15.0,2540.0,-2.0,41.0,0.6,-27.0,15561.400000000001,6994.0,2817520.4499999983,3177507.5,1.0,100.0,0.0,0.19607843137254902,0.34509803921568627,0.4588235294117647,0,red,0.4470588235294118,0.25882352941176473,0.17254901960784313,0.12156862745098039
63651621396.0,18.0,537.2,2.0,92.0,24.0,23.0,536.0,54.0,45224.0,2018-04-18 13:56:36,2018.0,4.0,18.0,13.0,56.0,36.0,10.0,0.0,0.1,8.0,15.0,2550.0,-3.0,14.0,-4.9,72.0,1074.4,28944.0,2818594.849999998,3206451.5,1.0,100.0,0.0,0.1953125,0.34375,0.4609375,1,black,0.4453125,0.26171875,0.171875,0.12109375
63651621406.0,40.0,532.3,74.0,92.0,24.0,23.0,533.0,68.0,45224.1,2018-04-18 13:56:46,2018.0,4.0,18.0,13.0,56.0,46.0,10.0,-1.0,0.1,9.0,15.099999999998545,2560.0,1.0,-12.0,0.9,-26.0,39390.2,36244.0,2857985.0499999984,3242695.5,1.0,100.0,0.0,0.19455252918287938,0.3424124513618677,0.46303501945525294,1,black,0.44357976653696496,0.26459143968871596,0.17120622568093385,0.12062256809338522
63651621416.0,47.0,533.2,48.0,91.0,25.0,23.0,534.0,56.0,45224.2,2018-04-18 13:56:56,2018.0,4.0,18.0,13.0,56.0,56.0,10.0,0.0,0.1,9.0,15.19999999999709,2570.0,3.0,-57.0,0.4,12.0,25593.600000000002,29904.0,2883578.6499999985,3272599.5,2.0,100.0,0.0,0.1937984496124031,0.34108527131782945,0.46511627906976744,2,green,0.4418604651162791,0.26356589147286824,0.1744186046511628,0.12015503875968993
63651621426.0,44.0,533.6,60.0,91.0,25.0,23.0,537.0,-1.0,45224.3,2018-04-18 13:57:06,2018.0,4.0,18.0,13.0,57.0,6.0,10.0,0.0,0.1,9.0,15.30000000000291,2580.0,1.0,12.0,4.4,-59.0,32016.0,-537.0,2915594.6499999985,3272331.0,2.0,100.0,0.0,0.1969111969111969,0.33976833976833976,0.46332046332046334,1,black,0.44015444015444016,0.26640926640926643,0.17374517374517376,0.11969111969111969
63651621436.0,18.0,538.0,1.0,91.0,25.0,23.0,538.0,11.0,45224.4,2018-04-18 13:57:16,2018.0,4.0,18.0,13.0,57.0,16.0,10.0,0.0,0.1,9.0,15.400000000001455,2590.0,0.0,-11.0,-0.9,11.0,538.0,5918.0,2916132.6499999985,3278249.0,2.0,100.0,0.0,0.19615384615384615,0.3384615384615385,0.4653846153846154,0,red,0.4423076923076923,0.2653846153846154,0.17307692307692307,0.11923076923076924
63651621446.0,12.0,537.1,12.0,91.0,25.0,23.0,538.0,0.0,45224.5,2018-04-18 13:57:26,2018.0,4.0,18.0,13.0,57.0,26.0,10.0,0.0,0.0,9.0,15.5,2600.0,0.0,0.0,0.2,3.0,6445.200000000001,0.0,2922577.8499999987,3278249.0,2.0,100.0,0.0,0.19540229885057472,0.34099616858237547,0.46360153256704983,0,red,0.4444444444444444,0.26436781609195403,0.1724137931034483,0.11877394636015326
63651621456.0,0.0,537.3,15.0,91.0,25.0,23.0,538.0,0.0,45224.5,2018-04-18 13:57:36,2018.0,4.0,18.0,13.0,57.0,36.0,10.0,0.0,0.0,9.0,15.5,2610.0,0.0,0.0,0.0,0.0,8059.499999999999,0.0,2930637.3499999987,3278249.0,2.0,100.0,0.0,0.1946564885496183,0.3435114503816794,0.4618320610687023,0,red,0.44656488549618323,0.2633587786259542,0.1717557251908397,0.1183206106870229
63651621466.0,0.0,537.3,15.0,91.0,25.0,23.0,538.0,0.0,45224.5,2018-04-18 13:57:46,2018.0,4.0,18.0,13.0,57.0,46.0,10.0,0.0,0.0,9.0,15.5,2620.0,0.0,0.0,0.0,1.0,8059.499999999999,0.0,2938696.8499999987,3278249.0,2.0,100.0,0.0,0.19391634980988592,0.34600760456273766,0.4600760456273764,0,red,0.44866920152091255,0.2623574144486692,0.17110266159695817,0.11787072243346007
63651621476.0,0.0,537.3,16.0,91.0,25.0,23.0,538.0,0.0,45224.5,2018-04-18 13:57:56,2018.0,4.0,18.0,13.0,57.0,56.0,10.0,0.0,0.0,9.0,15.5,2630.0,0.0,0.0,0.3,-15.0,8596.8,0.0,2947293.6499999985,3278249.0,2.0,100.0,0.0,0.19318181818181818,0.3484848484848485,0.4583333333333333,0,red,0.45075757575757575,0.26136363636363635,0.17045454545454544,0.11742424242424243
63651621486.0,0.0,537.6,1.0,91.0,25.0,23.0,538.0,0.0,45224.5,2018-04-18 13:58:06,2018.0,4.0,18.0,13.0,58.0,6.0,10.0,0.0,0.0,9.0,15.5,2640.0,0.0,0.0,0.1,0.0,537.6,0.0,2947831.2499999986,3278249.0,2.0,100.0,0.0,0.19245283018867926,0.35094339622641507,0.45660377358490567,0,red,0.4528301886792453,0.26037735849056604,0.16981132075471697,0.1169811320754717
63651621496.0,0.0,537.7,1.0,91.0,24.0,23.0,538.0,0.0,45224.5,2018-04-18 13:58:16,2018.0,4.0,18.0,13.0,58.0,16.0,10.0,0.0,0.0,9.0,15.5,2650.0,0.0,0.0,0.1,0.0,537.7,0.0,2948368.949999999,3278249.0,1.0,100.0,0.0,0.19172932330827067,0.3533834586466165,0.4548872180451128,0,red,0.4548872180451128,0.2593984962406015,0.16917293233082706,0.11654135338345864
63651621506.0,0.0,537.8,1.0,91.0,25.0,23.0,538.0,0.0,45224.5,2018-04-18 13:58:26,2018.0,4.0,18.0,13.0,58.0,26.0,10.0,0.0,0.0,9.0,15.5,2660.0,1.0,0.0,0.0,0.0,537.8,0.0,2948906.7499999986,3278249.0,2.0,100.0,0.0,0.19101123595505617,0.35580524344569286,0.45318352059925093,0,red,0.45692883895131087,0.25842696629213485,0.16853932584269662,0.11610486891385768
63651621516.0,0.0,537.8,1.0,91.0,24.0,23.0,539.0,0.0,45224.5,2018-04-18 13:58:36,2018.0,4.0,18.0,13.0,58.0,36.0,10.0,0.0,0.0,9.0,15.5,2670.0,0.0,0.0,0.1,0.0,537.8,0.0,2949444.5499999984,3278249.0,1.0,100.0,0.0,0.19029850746268656,0.3582089552238806,0.45149253731343286,0,red,0.458955223880597,0.2574626865671642,0.16791044776119404,0.11567164179104478
63651621526.0,0.0,537.9,1.0,91.0,24.0,23.0,539.0,0.0,45224.5,2018-04-18 13:58:46,2018.0,4.0,18.0,13.0,58.0,46.0,10.0,0.0,0.0,9.0,15.5,2680.0,0.0,0.0,0.0,0.0,537.9,0.0,2949982.4499999983,3278249.0,1.0,100.0,0.0,0.1895910780669145,0.36059479553903345,0.44981412639405205,0,red,0.46096654275092935,0.25650557620817843,0.16728624535315986,0.11524163568773234
63651621536.0,0.0,537.9,1.0,91.0,24.0,23.0,539.0,0.0,45224.5,2018-04-18 13:58:56,2018.0,4.0,18.0,13.0,58.0,56.0,10.0,0.0,0.0,9.0,15.5,2690.0,0.0,0.0,0.0,0.0,537.9,0.0,2950520.349999998,3278249.0,1.0,100.0,0.0,0.18888888888888888,0.362962962962963,0.44814814814814813,0,red,0.46296296296296297,0.25555555555555554,0.16666666666666666,0.11481481481481481
63651621546.0,0.0,537.9,1.0,91.0,24.0,23.0,539.0,0.0,45224.5,2018-04-18 13:59:06,2018.0,4.0,18.0,13.0,59.0,6.0,10.0,0.0,0.0,9.0,15.5,2700.0,0.0,0.0,0.1,0.0,537.9,0.0,2951058.249999998,3278249.0,1.0,100.0,0.0,0.1881918819188192,0.36531365313653136,0.44649446494464945,0,red,0.46494464944649444,0.25461254612546125,0.16605166051660517,0.11439114391143912
63651621556.0,0.0,538.0,1.0,91.0,24.0,23.0,539.0,0.0,45224.5,2018-04-18 13:59:16,2018.0,4.0,18.0,13.0,59.0,16.0,10.0,0.0,0.0,9.0,15.5,2710.0,0.0,0.0,0.0,0.0,538.0,0.0,2951596.249999998,3278249.0,1.0,100.0,0.0,0.1875,0.36764705882352944,0.44485294117647056,0,red,0.46691176470588236,0.2536764705882353,0.16544117647058823,0.11397058823529412
63651621566.0,0.0,538.0,1.0,91.0,25.0,23.0,539.0,0.0,45224.5,2018-04-18 13:59:26,2018.0,4.0,18.0,13.0,59.0,26.0,10.0,0.0,0.0,9.0,15.5,2720.0,0.0,0.0,0.0,0.0,538.0,0.0,2952134.249999998,3278249.0,2.0,100.0,0.0,0.18681318681318682,0.36996336996337,0.4432234432234432,0,red,0.46886446886446886,0.25274725274725274,0.16483516483516483,0.11355311355311355
63651621576.0,0.0,538.0,1.0,91.0,25.0,23.0,539.0,0.0,45224.5,2018-04-18 13:59:36,2018.0,4.0,18.0,13.0,59.0,36.0,10.0,0.0,0.0,9.0,15.5,2730.0,0.0,0.0,0.1,0.0,538.0,0.0,2952672.249999998,3278249.0,2.0,100.0,0.0,0.18613138686131386,0.3722627737226277,0.4416058394160584,0,red,0.4708029197080292,0.2518248175182482,0.16423357664233576,0.11313868613138686
63651621586.0,0.0,538.1,1.0,91.0,25.0,23.0,539.0,0.0,45224.5,2018-04-18 13:59:46,2018.0,4.0,18.0,13.0,59.0,46.0,10.0,0.0,0.0,9.0,15.5,2740.0,0.0,0.0,0.0,0.0,538.1,0.0,2953210.349999998,3278249.0,2.0,100.0,0.0,0.18545454545454546,0.37454545454545457,0.44,0,red,0.4727272727272727,0.2509090909090909,0.16363636363636364,0.11272727272727273
63651621596.0,0.0,538.1,1.0,91.0,24.0,23.0,539.0,0.0,45224.5,2018-04-18 13:59:56,2018.0,4.0,18.0,13.0,59.0,56.0,10.0,0.0,0.0,9.0,15.5,2750.0,0.0,0.0,0.0,0.0,538.1,0.0,2953748.4499999983,3278249.0,1.0,100.0,0.0,0.18478260869565216,0.37681159420289856,0.4384057971014493,0,red,0.4746376811594203,0.25,0.16304347826086957,0.11231884057971014
63651621606.0,0.0,538.1,1.0,91.0,25.0,23.0,539.0,0.0,45224.5,2018-04-18 14:00:06,2018.0,4.0,18.0,14.0,0.0,6.0,10.0,0.0,0.0,9.0,15.5,2760.0,0.0,0.0,0.0,0.0,538.1,0.0,2954286.5499999984,3278249.0,2.0,100.0,0.0,0.18411552346570398,0.37906137184115524,0.4368231046931408,0,red,0.47653429602888087,0.2490974729241877,0.1624548736462094,0.11191335740072202
63651621616.0,0.0,538.1,1.0,91.0,25.0,23.0,539.0,0.0,45224.5,2018-04-18 14:00:16,2018.0,4.0,18.0,14.0,0.0,16.0,10.0,0.0,0.0,9.0,15.5,2770.0,0.0,0.0,0.0,0.0,538.1,0.0,2954824.6499999985,3278249.0,2.0,100.0,0.0,0.18345323741007194,0.381294964028777,0.4352517985611511,0,red,0.4784172661870504,0.24820143884892087,0.1618705035971223,0.11151079136690648
63651621626.0,0.0,538.1,1.0,91.0,25.0,23.0,539.0,0.0,45224.5,2018-04-18 14:00:26,2018.0,4.0,18.0,14.0,0.0,26.0,10.0,0.0,0.0,9.0,15.5,2780.0,0.0,0.0,-0.1,2.0,538.1,0.0,2955362.7499999986,3278249.0,2.0,100.0,0.0,0.1827956989247312,0.3835125448028674,0.4336917562724014,0,red,0.48028673835125446,0.24731182795698925,0.16129032258064516,0.1111111111111111
63651621636.0,1.0,538.0,3.0,91.0,25.0,23.0,539.0,0.0,45224.5,2018-04-18 14:00:36,2018.0,4.0,18.0,14.0,0.0,36.0,10.0,0.0,0.0,9.0,15.5,2790.0,-5.0,83.0,-4.9,88.0,1614.0,0.0,2956976.7499999986,3278249.0,2.0,100.0,0.0,0.18214285714285713,0.38571428571428573,0.43214285714285716,0,red,0.48214285714285715,0.24642857142857144,0.16071428571428573,0.11071428571428571
63651621646.0,27.0,533.1,91.0,91.0,25.0,23.0,534.0,83.0,45224.5,2018-04-18 14:00:46,2018.0,4.0,18.0,14.0,0.0,46.0,10.0,0.0,0.1,9.0,15.5,2800.0,-4.0,80.0,-0.9,9.0,48512.1,44322.0,3005488.8499999987,3322571.0,2.0,100.0,0.0,0.18149466192170818,0.38434163701067614,0.43416370106761565,1,black,0.4804270462633452,0.2491103202846975,0.1601423487544484,0.1103202846975089
63651621656.0,41.0,532.2,100.0,91.0,25.0,23.0,530.0,163.0,45224.6,2018-04-18 14:00:56,2018.0,4.0,18.0,14.0,0.0,56.0,10.0,0.0,0.1,9.0,15.599999999998545,2810.0,14.0,-294.0,10.1,-225.0,53220.00000000001,86390.0,3058708.8499999987,3408961.0,2.0,100.0,0.0,0.18085106382978725,0.3829787234042553,0.43617021276595747,2,green,0.4787234042553192,0.24822695035460993,0.16312056737588654,0.1099290780141844
63651621666.0,35.0,542.3,-125.0,91.0,25.0,23.0,544.0,-131.0,45224.7,2018-04-18 14:01:06,2018.0,4.0,18.0,14.0,1.0,6.0,10.0,0.0,0.1,9.0,15.69999999999709,2820.0,-10.0,229.0,-7.4,190.0,-67787.5,-71264.0,3024815.0999999987,3373329.0,2.0,100.0,0.0,0.18374558303886926,0.38162544169611307,0.43462897526501765,3,orange,0.47703180212014135,0.24734982332155478,0.1625441696113074,0.11307420494699646
63651621676.0,26.0,534.9,65.0,91.0,25.0,23.0,534.0,98.0,45224.8,2018-04-18 14:01:16,2018.0,4.0,18.0,14.0,1.0,16.0,10.0,0.0,0.1,9.0,15.80000000000291,2830.0,2.0,-94.0,-2.7,-15.0,34768.5,52332.0,3059583.5999999987,3425661.0,2.0,100.0,0.0,0.18309859154929578,0.38028169014084506,0.43661971830985913,2,green,0.4753521126760563,0.24647887323943662,0.16549295774647887,0.11267605633802817
63651621686.0,51.0,532.2,50.0,91.0,25.0,24.0,536.0,4.0,45224.9,2018-04-18 14:01:26,2018.0,4.0,18.0,14.0,1.0,26.0,10.0,0.0,0.1,9.0,15.900000000001455,2840.0,1.0,-8.0,4.3,-63.0,26610.000000000004,2144.0,3086193.5999999987,3427805.0,1.0,100.0,0.0,0.1824561403508772,0.37894736842105264,0.43859649122807015,1,black,0.47368421052631576,0.24912280701754386,0.1649122807017544,0.11228070175438597
63651621696.0,46.0,536.5,-13.0,91.0,25.0,24.0,537.0,-4.0,45225.0,2018-04-18 14:01:36,2018.0,4.0,18.0,14.0,1.0,36.0,10.0,0.0,0.2,9.0,16.0,2850.0,7.0,-127.0,3.8,-29.0,-6974.5,-2148.0,3082706.3499999987,3426731.0,1.0,100.0,0.0,0.1853146853146853,0.3776223776223776,0.4370629370629371,1,black,0.47202797202797203,0.2517482517482518,0.16433566433566432,0.11188811188811189
63651621706.0,38.0,540.3,-42.0,91.0,25.0,24.0,544.0,-131.0,45225.2,2018-04-18 14:01:46,2018.0,4.0,18.0,14.0,1.0,46.0,10.0,0.0,0.0,9.0,16.19999999999709,2860.0,-10.0,221.0,-5.3,115.0,-22692.6,-71264.0,3071360.049999999,3391099.0,1.0,100.0,0.0,0.18815331010452963,0.37630662020905925,0.4355400696864111,3,orange,0.47038327526132406,0.2508710801393728,0.16376306620209058,0.11498257839721254
63651621716.0,23.0,535.0,73.0,91.0,25.0,24.0,534.0,90.0,45225.2,2018-04-18 14:01:56,2018.0,4.0,18.0,14.0,1.0,56.0,10.0,-1.0,0.1,10.0,16.19999999999709,2870.0,-1.0,-23.0,-2.0,-4.0,39055.0,48060.0,3110415.049999999,3439159.0,1.0,100.0,0.0,0.1875,0.375,0.4375,2,green,0.46875,0.25,0.16666666666666666,0.11458333333333333
63651621726.0,40.0,533.0,69.0,90.0,25.0,24.0,533.0,67.0,45225.3,2018-04-18 14:02:06,2018.0,4.0,18.0,14.0,2.0,6.0,10.0,0.0,0.1,10.0,16.30000000000291,2880.0,5.0,-78.0,3.8,-81.0,36777.0,35711.0,3147192.049999999,3474870.0,1.0,100.0,0.0,0.18685121107266436,0.3737024221453287,0.43944636678200694,2,green,0.4671280276816609,0.2491349480968858,0.1695501730103806,0.11418685121107267
63651621736.0,38.0,536.8,-12.0,90.0,25.0,24.0,538.0,-11.0,45225.4,2018-04-18 14:02:16,2018.0,4.0,18.0,14.0,2.0,16.0,10.0,0.0,0.1,10.0,16.400000000001455,2890.0,4.0,-57.0,3.4,-58.0,-6441.599999999999,-5918.0,3143971.249999999,3471911.0,1.0,100.0,0.0,0.1896551724137931,0.3724137931034483,0.4379310344827586,1,black,0.46551724137931033,0.2517241379310345,0.16896551724137931,0.11379310344827587
63651621746.0,19.0,540.2,-70.0,90.0,25.0,24.0,542.0,-68.0,45225.5,2018-04-18 14:02:26,2018.0,4.0,18.0,14.0,2.0,26.0,10.0,0.0,0.0,10.0,16.5,2900.0,-3.0,68.0,-2.2,71.0,-37814.0,-36856.0,3125064.249999999,3453483.0,1.0,100.0,0.0,0.19243986254295534,0.3711340206185567,0.436426116838488,3,orange,0.4639175257731959,0.2508591065292096,0.16838487972508592,0.11683848797250859
63651621756.0,0.0,538.0,1.0,90.0,25.0,24.0,539.0,0.0,45225.5,2018-04-18 14:02:36,2018.0,4.0,18.0,14.0,2.0,36.0,10.0,0.0,0.0,10.0,16.5,2910.0,-1.0,15.0,-0.6,11.0,538.0,0.0,3125602.249999999,3453483.0,1.0,100.0,0.0,0.1917808219178082,0.3732876712328767,0.4349315068493151,0,red,0.4657534246575342,0.25,0.1678082191780822,0.11643835616438356
63651621766.0,5.0,537.4,12.0,90.0,25.0,24.0,538.0,15.0,45225.5,2018-04-18 14:02:46,2018.0,4.0,18.0,14.0,2.0,46.0,10.0,0.0,0.1,10.0,16.5,2920.0,-3.0,42.0,-2.0,31.0,6448.799999999999,8070.0,3132051.049999999,3461553.0,1.0,100.0,0.0,0.19112627986348124,0.3720136518771331,0.43686006825938567,0,red,0.46757679180887374,0.24914675767918087,0.16723549488054607,0.11604095563139932
63651621776.0,21.0,535.4,43.0,90.0,25.0,24.0,535.0,57.0,45225.6,2018-04-18 14:02:56,2018.0,4.0,18.0,14.0,2.0,56.0,10.0,0.0,0.0,10.0,16.599999999998545,2930.0,0.0,-18.0,-1.4,4.0,23022.2,30495.0,3155073.249999999,3492048.0,1.0,100.0,0.0,0.19047619047619047,0.3707482993197279,0.4387755102040816,1,black,0.46598639455782315,0.25170068027210885,0.16666666666666666,0.11564625850340136
63651621786.0,33.0,534.0,47.0,90.0,25.0,24.0,535.0,39.0,45225.6,2018-04-18 14:03:06,2018.0,4.0,18.0,14.0,3.0,6.0,10.0,0.0,0.1,10.0,16.599999999998545,2940.0,3.0,-50.0,3.8,-62.0,25098.0,20865.0,3180171.249999999,3512913.0,1.0,100.0,0.0,0.18983050847457628,0.3694915254237288,0.4406779661016949,1,black,0.46440677966101696,0.2542372881355932,0.16610169491525423,0.1152542372881356
63651621796.0,32.0,537.8,-15.0,90.0,25.0,24.0,538.0,-11.0,45225.7,2018-04-18 14:03:16,2018.0,4.0,18.0,14.0,3.0,16.0,10.0,0.0,0.1,10.0,16.69999999999709,2950.0,-7.0,151.0,-6.9,145.0,-8066.999999999999,-5918.0,3176137.749999999,3509954.0,1.0,100.0,0.0,0.19256756756756757,0.36824324324324326,0.4391891891891892,3,orange,0.46283783783783783,0.2533783783783784,0.16554054054054054,0.11824324324324324
63651621806.0,35.0,530.9,130.0,90.0,25.0,24.0,531.0,140.0,45225.8,2018-04-18 14:03:26,2018.0,4.0,18.0,14.0,3.0,26.0,10.0,0.0,0.1,10.0,16.80000000000291,2960.0,6.0,-124.0,6.4,-137.0,69017.0,74340.0,3245154.749999999,3584294.0,1.0,100.0,0.0,0.1919191919191919,0.367003367003367,0.44107744107744107,2,green,0.4612794612794613,0.25252525252525254,0.16835016835016836,0.11784511784511785
63651621816.0,31.0,537.3,-7.0,90.0,25.0,24.0,537.0,16.0,45225.9,2018-04-18 14:03:36,2018.0,4.0,18.0,14.0,3.0,36.0,10.0,0.0,0.1,10.0,16.900000000001455,2970.0,2.0,-21.0,1.2,2.0,-3761.0999999999995,8592.0,3243274.1999999993,3592886.0,1.0,100.0,0.0,0.1912751677852349,0.36577181208053694,0.4429530201342282,1,black,0.4597315436241611,0.2550335570469799,0.16778523489932887,0.1174496644295302
63651621826.0,4.0,538.5,-5.0,90.0,25.0,24.0,539.0,-5.0,45226.0,2018-04-18 14:03:46,2018.0,4.0,18.0,14.0,3.0,46.0,10.0,0.0,0.0,10.0,17.0,2980.0,0.0,5.0,-0.7,6.0,-2692.5,-2695.0,3241927.9499999993,3591538.5,1.0,100.0,0.0,0.1939799331103679,0.36454849498327757,0.4414715719063545,0,red,0.46153846153846156,0.25418060200668896,0.16722408026755853,0.11705685618729098
63651621836.0,0.0,537.8,1.0,90.0,25.0,24.0,539.0,0.0,45226.0,2018-04-18 14:03:56,2018.0,4.0,18.0,14.0,3.0,56.0,10.0,0.0,0.0,10.0,17.0,2990.0,-3.0,48.0,-0.8,27.0,537.8,0.0,3242465.749999999,3591538.5,1.0,100.0,0.0,0.19333333333333333,0.36666666666666664,0.44,0,red,0.4633333333333333,0.25333333333333335,0.16666666666666666,0.11666666666666667
63651621846.0,5.0,537.0,28.0,90.0,25.0,24.0,536.0,48.0,45226.0,2018-04-18 14:04:06,2018.0,4.0,18.0,14.0,4.0,6.0,10.0,0.0,0.1,10.0,17.0,3000.0,-6.0,54.0,-11.9,189.0,15036.0,25728.0,3257501.749999999,3617266.5,1.0,100.0,0.0,0.19269102990033224,0.3654485049833887,0.4418604651162791,0,red,0.46511627906976744,0.25249169435215946,0.16611295681063123,0.11627906976744186
63651621856.0,51.0,525.1,217.0,90.0,25.0,24.0,530.0,102.0,45226.1,2018-04-18 14:04:16,2018.0,4.0,18.0,14.0,4.0,16.0,10.0,0.0,0.1,10.0,17.099999999998545,3010.0,8.0,-106.0,11.6,-231.0,113946.70000000001,54060.0,3371448.4499999993,3671326.5,1.0,100.0,0.0,0.19205298013245034,0.36423841059602646,0.44370860927152317,2,green,0.46357615894039733,0.25165562913907286,0.16887417218543047,0.11589403973509933
63651621866.0,46.0,536.7,-14.0,90.0,25.0,24.0,538.0,-4.0,45226.2,2018-04-18 14:04:26,2018.0,4.0,18.0,14.0,4.0,26.0,10.0,0.0,0.1,10.0,17.19999999999709,3020.0,-2.0,42.0,-1.7,47.0,-7513.800000000001,-2152.0,3367691.5499999993,3670250.5,1.0,100.0,0.0,0.19471947194719472,0.36303630363036304,0.44224422442244227,1,black,0.46204620462046203,0.25412541254125415,0.16831683168316833,0.11551155115511551
63651621876.0,45.0,535.0,33.0,90.0,25.0,24.0,536.0,38.0,45226.3,2018-04-18 14:04:36,2018.0,4.0,18.0,14.0,4.0,36.0,10.0,0.0,0.1,10.0,17.30000000000291,3030.0,1.0,-6.0,2.6,-16.0,17655.0,20368.0,3385346.5499999993,3690618.5,1.0,100.0,0.0,0.19407894736842105,0.3618421052631579,0.4440789473684211,1,black,0.4605263157894737,0.2565789473684211,0.16776315789473684,0.11513157894736842
63651621886.0,36.0,537.6,17.0,90.0,25.0,24.0,537.0,32.0,45226.4,2018-04-18 14:04:46,2018.0,4.0,18.0,14.0,4.0,46.0,10.0,0.0,0.2,10.0,17.400000000001455,3040.0,-4.0,45.0,-5.2,51.0,9139.2,17184.0,3394485.7499999995,3707802.5,1.0,100.0,0.0,0.19344262295081968,0.36065573770491804,0.4459016393442623,1,black,0.45901639344262296,0.25901639344262295,0.16721311475409836,0.11475409836065574
63651621896.0,47.0,532.4,68.0,90.0,25.0,24.0,533.0,77.0,45226.6,2018-04-18 14:04:56,2018.0,4.0,18.0,14.0,4.0,56.0,10.0,0.0,0.1,10.0,17.599999999998545,3050.0,-1.0,26.0,-1.4,44.0,36203.2,41041.0,3430688.9499999997,3748843.5,1.0,100.0,0.0,0.19281045751633988,0.35947712418300654,0.4477124183006536,1,black,0.45751633986928103,0.26143790849673204,0.16666666666666666,0.11437908496732026
63651621906.0,49.0,531.0,112.0,90.0,25.0,24.0,532.0,103.0,45226.7,2018-04-18 14:05:06,2018.0,4.0,18.0,14.0,5.0,6.0,10.0,0.0,0.1,10.0,17.69999999999709,3060.0,2.0,-51.0,3.0,-66.0,59472.0,54796.0,3490160.9499999997,3803639.5,1.0,100.0,0.0,0.19218241042345277,0.3583061889250814,0.4495114006514658,2,green,0.4560260586319218,0.26058631921824105,0.16938110749185667,0.11400651465798045
63651621916.0,45.0,534.0,46.0,90.0,25.0,24.0,534.0,52.0,45226.8,2018-04-18 14:05:16,2018.0,4.0,18.0,14.0,5.0,16.0,10.0,0.0,0.2,10.0,17.80000000000291,3070.0,0.0,8.0,-1.5,26.0,24564.0,27768.0,3514724.9499999997,3831407.5,1.0,100.0,0.0,0.19155844155844157,0.35714285714285715,0.4512987012987013,1,black,0.45454545454545453,0.262987012987013,0.16883116883116883,0.11363636363636363
63651621926.0,47.0,532.5,72.0,90.0,25.0,24.0,534.0,60.0,45227.0,2018-04-18 14:05:26,2018.0,4.0,18.0,14.0,5.0,26.0,10.0,0.0,0.1,10.0,18.0,3080.0,-1.0,52.0,0.6,19.0,38340.0,32040.0,3553064.9499999997,3863447.5,1.0,100.0,0.0,0.19093851132686085,0.3559870550161812,0.45307443365695793,1,black,0.45307443365695793,0.26537216828478966,0.16828478964401294,0.11326860841423948
63651621936.0,36.0,533.1,91.0,90.0,25.0,24.0,533.0,112.0,45227.1,2018-04-18 14:05:36,2018.0,4.0,18.0,14.0,5.0,36.0,10.0,0.0,0.1,10.0,18.099999999998545,3090.0,1.0,-60.0,0.5,-48.0,48512.1,59696.0,3601577.05,3923143.5,1.0,100.0,0.0,0.19032258064516128,0.3548387096774194,0.45483870967741935,2,green,0.45161290322580644,0.2645161290322581,0.17096774193548386,0.11290322580645161
63651621946.0,45.0,533.6,43.0,90.0,25.0,24.0,534.0,52.0,45227.2,2018-04-18 14:05:46,2018.0,4.0,18.0,14.0,5.0,46.0,10.0,0.0,0.1,10.0,18.19999999999709,3100.0,4.0,-62.0,3.1,-57.0,22944.8,27768.0,3624521.8499999996,3950911.5,1.0,100.0,0.0,0.18971061093247588,0.3536977491961415,0.4565916398713826,2,green,0.45016077170418006,0.26366559485530544,0.17363344051446947,0.11254019292604502
63651621956.0,41.0,536.7,-14.0,90.0,25.0,24.0,538.0,-10.0,45227.3,2018-04-18 14:05:56,2018.0,4.0,18.0,14.0,5.0,56.0,10.0,0.0,0.1,10.0,18.30000000000291,3110.0,-1.0,-1.0,-0.6,1.0,-7513.800000000001,-5380.0,3620764.9499999997,3948221.5,1.0,100.0,0.0,0.19230769230769232,0.3525641025641026,0.4551282051282051,1,black,0.44871794871794873,0.266025641025641,0.17307692307692307,0.11217948717948718
63651621966.0,38.0,536.1,-13.0,90.0,25.0,24.0,537.0,-11.0,45227.4,2018-04-18 14:06:06,2018.0,4.0,18.0,14.0,6.0,6.0,10.0,0.0,0.1,10.0,18.400000000001455,3120.0,6.0,-92.0,3.4,-69.0,-6969.3,-5907.0,3617280.3,3945268.0,1.0,100.0,0.0,0.19488817891373802,0.3514376996805112,0.4536741214057508,1,black,0.4472843450479233,0.268370607028754,0.17252396166134185,0.11182108626198083
63651621976.0,28.0,539.5,-82.0,90.0,25.0,24.0,543.0,-103.0,45227.5,2018-04-18 14:06:16,2018.0,4.0,18.0,14.0,6.0,16.0,10.0,0.0,0.0,10.0,18.5,3130.0,-4.0,103.0,-1.7,83.0,-44239.0,-55929.0,3595160.8,3917303.5,1.0,100.0,0.0,0.19745222929936307,0.3503184713375796,0.45222929936305734,3,orange,0.445859872611465,0.267515923566879,0.17197452229299362,0.11464968152866242
63651621986.0,8.0,537.8,1.0,90.0,25.0,24.0,539.0,0.0,45227.5,2018-04-18 14:06:26,2018.0,4.0,18.0,14.0,6.0,26.0,10.0,0.0,0.0,10.0,18.5,3140.0,-1.0,0.0,-0.3,1.0,537.8,0.0,3595698.5999999996,3917303.5,1.0,100.0,0.0,0.19682539682539682,0.3523809523809524,0.4507936507936508,0,red,0.44761904761904764,0.26666666666666666,0.17142857142857143,0.11428571428571428
63651621996.0,0.0,537.5,2.0,90.0,25.0,24.0,538.0,0.0,45227.5,2018-04-18 14:06:36,2018.0,4.0,18.0,14.0,6.0,36.0,10.0,0.0,0.0,10.0,18.5,3150.0,-1.0,0.0,0.0,-1.0,1075.0,0.0,3596773.5999999996,3917303.5,1.0,100.0,0.0,0.1962025316455696,0.35443037974683544,0.44936708860759494,0,red,0.44936708860759494,0.26582278481012656,0.17088607594936708,0.11392405063291139
63651622006.0,0.0,537.5,1.0,90.0,25.0,24.0,537.0,0.0,45227.5,2018-04-18 14:06:46,2018.0,4.0,18.0,14.0,6.0,46.0,0.0,0.0,0.0,10.0,18.5,3160.0,0.0,0.0,0.0,0.0,537.5,0.0,3597311.0999999996,3917303.5,1.0,100.0,0.0,0.19558359621451105,0.35646687697160884,0.4479495268138801,0,red,0.45110410094637227,0.26498422712933756,0.17034700315457413,0.11356466876971609
